 150 23 715.13999999999999 0.042149600000000002 323.16880209638293 307 617.82366943359375 156.06707763671875 931.07562255859375 91.140625
 175 25 419.05900000000003 0.045327899999999997 7.9762605931732988 6.4375 12.441975593566895 3.705963134765625 19.519765853881836 2.46435546875
 175 48 419.05900000000003 0.045327899999999997 86.736597976795395 60.875 122.02288818359375 34.7177734375 184.61909484863281 22.828125
 200 25 244.21300000000002 0.047925000000000002 2.6963763590193159 2.1015625 3.299461841583252 1.3968515396118164 5.086493968963623 1.00152587890625
 200 50 244.21300000000002 0.047925000000000002 9.4940443730085597 4.953125 7.9146304130554199 3.2674179077148438 12.437403678894043 2.32177734375
 200 73 244.21300000000002 0.047925000000000002 39.131172039856217 30.75 51.341896057128906 19.7142333984375 86.259262084960938 13.93359375
 225 50 156.286 0.050287600000000002 2.8827726379353464 2.109375 3.252871036529541 1.4210987091064453 4.9200315475463867 1.021728515625
 225 75 156.286 0.050287600000000002 4.7795377855580545 4.1875 6.6244668960571289 2.762359619140625 10.204023361206055 1.962890625
 225 98 156.286 0.050287600000000002 19.731475294983408 18.125 31.562946319580078 11.294937133789062 54.379459381103516 7.71728515625
 250 100 104.252 0.052616900000000001 9.9850307666667941 4.859375 7.435542106628418 3.2858023643493652 11.134772300720215 2.37274169921875
 250 123 104.252 0.052616900000000001 25.221394617146839 17.8125 28.46270751953125 11.676406860351562 44.928375244140625 8.349609375
 250 50 104.252 0.052616900000000001 1.5644760378869051 1.1953125 1.8051770925521851 0.81885910034179688 2.6556522846221924 0.592987060546875
 250 75 104.252 0.052616900000000001 3.9445313801920494 2.2109375 3.4006779193878174 1.4895219802856445 5.1008429527282715 1.0709228515625
 275 100 71.912500000000009 0.054966599999999997 5.0646029319039343 2.375 3.5867569446563721 1.6117935180664062 5.2765898704528809 1.1689453125
 275 125 71.912500000000009 0.054966599999999997 11.691637209632368 6.28125 9.5861778259277344 4.2627696990966797 14.306105613708496 3.091552734375
 275 148 71.912500000000009 0.054966599999999997 50.646984521236931 35.9375 57.138263702392578 23.526954650878906 87.690467834472656 16.56494140625
 300 100 50.999400000000001 0.057276199999999999 2.3089371507681431 1.4765625 2.2004964351654053 1.01513671875 3.1753287315368652 0.73828125
 300 125 50.999400000000001 0.057276199999999999 4.4503245117206527 3.0546875 4.5523495674133301 2.1075553894042969 6.5875682830810547 1.539276123046875
 300 150 50.999400000000001 0.057276199999999999 14.971506312964618 7.21875 11.016950607299805 4.881159782409668 16.44134521484375 3.5247802734375
 300 173 50.999400000000001 0.057276199999999999 33.427994340184931 30.125 47.896770477294922 19.747467041015625 74.873390197753906 14.12109375
 300 50 50.999400000000001 0.057276199999999999 1.2319251479298214 0.708984375 1.0622396469116211 0.48569583892822266 1.5364516973495483 0.35172271728515625
 325 150 36.971499999999999 0.059031699999999999 5.8628549388748912 3.75 5.5885624885559082 2.5872802734375 8.0643272399902344 1.8896484375
 325 175 36.971499999999999 0.059031699999999999 11.123216130465096 9.03125 13.747112274169922 6.1290569305419922 20.444183349609375 4.445068359375
 325 198 36.971499999999999 0.059031699999999999 78.890503646800425 33.625 51.585113525390625 22.502008438110352 77.114814758300781 16.15576171875
 350 100 27.328600000000002 0.0607766 1.5581355023776513 0.91796875 1.3753515481948853 0.62662124633789062 1.9838136434555054 0.451812744140625
 350 150 27.328600000000002 0.0607766 2.927206063011587 1.9609375 2.9223523139953613 1.340484619140625 4.2169709205627441 0.98046875
 350 175 27.328600000000002 0.0607766 5.8624921553073364 3.609375 5.4077653884887695 2.4584240913391113 7.908933162689209 1.79058837890625
 350 200 27.328600000000002 0.0607766 26.001870398634537 13.75 20.710626602172852 9.3314361572265625 30.272069931030273 6.767578125
 350 223 27.328600000000002 0.0607766 82.897716801713059 53.25 80.8433837890625 36.138107299804688 119.80079650878906 26.208984375
 350 50 27.328600000000002 0.0607766 1.3787451488302132 0.66796875 1.0007877349853516 0.45596694946289062 1.4395159482955933 0.328765869140625
 375 200 20.542899999999999 0.062503100000000006 7.6565618697370814 4.46875 6.6240782737731934 3.094085693359375 9.535120964050293 2.269287109375
 375 225 20.542899999999999 0.062503100000000006 27.111032883233019 13.125 19.821552276611328 8.9593505859375 29.160102844238281 6.4599609375
 375 248 20.542899999999999 0.062503100000000006 125.29405762273197 63.25 97.033706665039062 42.768257141113281 144.31159973144531 30.8837890625
 400 100 15.669099999999998 0.064208500000000002 1.7453452948062806 0.8125 1.2043778896331787 0.55859375 1.7138721942901611 0.40625
 400 150 15.669099999999998 0.064208500000000002 2.675692438703158 1.23828125 1.8355181217193604 0.84829521179199219 2.627084493637085 0.6143035888671875
 400 200 15.669099999999998 0.064208500000000002 5.4334432960749552 2.9375 4.3777070045471191 2.01953125 6.2814717292785645 1.46875
 400 225 15.669099999999998 0.064208500000000002 10.334924985183186 6.40625 9.3939132690429688 4.435577392578125 13.452176094055176 3.253173828125
 400 250 15.669099999999998 0.064208500000000002 40.888473743891019 19.875 29.777824401855469 13.6640625 43.310962677001953 9.9375
 400 273 15.669099999999998 0.064208500000000002 64.397303267222526 61 93.825065612792969 41.1556396484375 140.73280334472656 30.0234375
 400 50 15.669099999999998 0.064208500000000002 1.4314630852203978 0.705078125 1.036713719367981 0.48818397521972656 1.4735883474349976 0.3580474853515625
 425 250 12.096499999999999 0.065780099999999994 14.236607864644579 7.59375 11.195762634277344 5.257781982421875 15.981931686401367 3.856201171875
 425 275 12.096499999999999 0.065780099999999994 43.025456881491522 23.25 34.278385162353516 16.097900390625 48.932334899902344 11.806640625
 425 298 12.096499999999999 0.065780099999999994 142.67630347459649 77.875 115.43498229980469 53.9193115234375 166.16448974609375 39.5458984375
 450 100 9.4401700000000002 0.067454399999999998 1.7680113546246532 0.87890625 1.2887991666793823 0.60853958129882812 1.82935631275177 0.446319580078125
 450 150 9.4401700000000002 0.067454399999999998 2.3477231528734563 1.12109375 1.6528723239898682 0.77348899841308594 2.3594725131988525 0.5649261474609375
 450 200 9.4401700000000002 0.067454399999999998 3.4779344824836333 1.75 2.5940446853637695 1.203125 3.7127251625061035 0.875
 450 250 9.4401700000000002 0.067454399999999998 6.5806421246544495 4.171875 6.1840171813964844 2.8783493041992188 8.8508720397949219 2.10223388671875
 450 275 9.4401700000000002 0.067454399999999998 13.802264144664358 9.15625 13.426423072814941 6.3619842529296875 19.114141464233398 4.6854248046875
 450 300 9.4401700000000002 0.067454399999999998 52.757324584878717 27.75 41.134136199951172 19.1458740234375 58.873214721679688 13.9833984375
 450 323 9.4401700000000002 0.067454399999999998 139.38992999155977 106.5 158.71516418457031 73.73876953125 230.96206665039062 54.08203125
 450 50 9.4401700000000002 0.067454399999999998 1.5627486781123743 0.79296875 1.1627832651138306 0.55290985107421875 1.6456089019775391 0.40887451171875
 475 300 7.4358699999999995 0.068603300000000006 15.743271999540019 10.96875 16.21537971496582 7.594573974609375 23.24504280090332 5.570068359375
 475 325 7.4358699999999995 0.068603300000000006 95.18243090155292 37.625 56.371856689453125 25.72021484375 81.991195678710938 18.8125
 475 348 7.4358699999999995 0.068603300000000006 181.13862415035041 139.5 210.67477416992188 95.361328125 310.76431274414062 69.75
 500 100 5.9075699999999998 0.069990899999999995 1.9079868545434917 1.01171875 1.4754854440689087 0.70926523208618164 2.082115650177002 0.52166748046875
 500 150 5.9075699999999998 0.069990899999999995 2.3177702123395005 1.18359375 1.7355828285217285 0.82690465450286865 2.4562537670135498 0.6056671142578125
 500 200 5.9075699999999998 0.069990899999999995 3.1396626738399047 1.54296875 2.2625584602355957 1.0683250427246094 3.2210264205932617 0.783538818359375
 500 250 5.9075699999999998 0.069990899999999995 4.7605338317135573 2.375 3.5299558639526367 1.6328125 5.0442824363708496 1.1875
 500 300 5.9075699999999998 0.069990899999999995 10.753651910776277 6.3125 9.3570890426635742 4.33984375 13.392330169677734 3.15625
 500 325 5.9075699999999998 0.069990899999999995 23.515918160447274 14.1875 20.690977096557617 9.9461441040039062 29.197853088378906 7.3154296875
 500 350 5.9075699999999998 0.069990899999999995 89.316401646159918 45.5 66.356971740722656 31.89776611328125 94.201446533203125 23.4609375
 500 373 5.9075699999999998 0.069990899999999995 229.88869473780713 130.75 200.0662841796875 88.733474731445312 300.37213134765625 64.353515625
 500 50 5.9075699999999998 0.069990899999999995 1.7135099683765851 0.9296875 1.3484399318695068 0.65050888061523438 1.902916431427002 0.483001708984375
 525 350 4.6910099999999995 0.071370400000000001 31.846077090450908 17.9375 26.588956832885742 12.41961669921875 38.055431365966797 9.10888671875
 525 375 4.6910099999999995 0.071370400000000001 73.882369575036108 56.75 83.894950866699219 39.292724609375 120.26494598388672 28.818359375
 525 398 4.6910099999999995 0.071370400000000001 381.3132014999411 191.5 285.38925170898438 132.59130859375 415.29800415039062 97.24609375
 550 100 3.8167 0.072283399999999998 2.1297950821721647 1.1953125 1.7337085008621216 0.84085536003112793 2.439180850982666 0.621002197265625
 550 150 3.8167 0.072283399999999998 2.4699391856708179 1.359375 1.9770870208740234 0.95626688003540039 2.7942264080047607 0.70623779296875
 550 200 3.8167 0.072283399999999998 3.0743440559592319 1.625 2.3634145259857178 1.1392059326171875 3.3402247428894043 0.837890625
 550 250 3.8167 0.072283399999999998 4.382451877832171 2.1875 3.1902389526367188 1.519927978515625 4.5018720626831055 1.119384765625
 550 300 3.8167 0.072283399999999998 7.4845324496918728 3.484375 5.1649279594421387 2.3955078125 7.392301082611084 1.7421875
 550 350 3.8167 0.072283399999999998 17.835626498666706 8.96875 13.294478416442871 6.1879119873046875 18.918512344360352 4.5194091796875
 550 375 3.8167 0.072283399999999998 29.676089519566339 20.5625 30.152172088623047 14.365762710571289 42.672340393066406 10.522216796875
 550 400 3.8167 0.072283399999999998 168.87041199203972 72.25 107.67296600341797 49.8482666015625 155.81031799316406 36.4072265625
 550 423 3.8167 0.072283399999999998 547.35259802740256 305 446.02618408203125 214.1552734375 635.967041015625 159.6484375
 550 50 3.8167 0.072283399999999998 1.999330897057902 1.13671875 1.6487228870391846 0.79814529418945312 2.3337371349334717 0.595001220703125
 575 400 3.0730000000000004 0.073995699999999998 40.60574167234531 25.5 37.290714263916016 17.718017578125 52.699321746826172 13.048828125
 575 425 3.0730000000000004 0.073995699999999998 95.605570579828736 79.5 115.94239807128906 55.4326171875 164.59373474121094 40.9921875
 575 448 3.0730000000000004 0.073995699999999998 510.85874908123992 290.5 432.92727661132812 200.02017211914062 628.235595703125 147.51953125
 600 100 2.5301499999999999 0.075429099999999999 2.4319444884070229 1.43359375 2.0907459259033203 1.0030956268310547 2.950333833694458 0.7447967529296875
 600 150 2.5301499999999999 0.075429099999999999 2.7854987987895012 1.609375 2.3406891822814941 1.1260910034179688 3.3081068992614746 0.83612060546875
 600 200 2.5301499999999999 0.075429099999999999 3.1933467162816629 1.7890625 2.6020283699035645 1.2561874389648438 3.6663718223571777 0.93646240234375
 600 250 2.5301499999999999 0.075429099999999999 4.1764578020156664 2.234375 3.24969482421875 1.5717949867248535 4.5651159286499023 1.16082763671875
 600 300 2.5301499999999999 0.075429099999999999 5.961564715389934 3.0078125 4.3985676765441895 2.0899009704589844 6.234611988067627 1.539154052734375
 600 350 2.5301499999999999 0.075429099999999999 10.89847118459172 5.140625 7.5995149612426758 3.5467300415039062 10.831291198730469 2.59039306640625
 600 400 2.5301499999999999 0.075429099999999999 21.297159223840765 12.34375 18.198873519897461 8.546600341796875 25.827793121337891 6.268310546875
 600 425 2.5301499999999999 0.075429099999999999 61.437365346788255 30.9375 45.365730285644531 21.496124267578125 64.20306396484375 15.831298828125
 600 450 2.5301499999999999 0.075429099999999999 133.68155971623364 105.25 152.23747253417969 74.292984008789062 214.51161193847656 55.091796875
 600 473 2.5301499999999999 0.075429099999999999 706.67377792702064 412.5 614.7418212890625 286.614990234375 882.0789794921875 211.083984375
 600 50 2.5301499999999999 0.075429099999999999 2.0882511362860963 1.3515625 1.9764993190765381 0.94751262664794922 2.8015270233154297 0.6968994140625
 625 450 2.0613600000000001 0.076346600000000001 67.368411263541859 35.75 52.422618865966797 24.92724609375 74.190208435058594 18.43359375
 625 475 2.0613600000000001 0.076346600000000001 281.79020174383191 126.5 183.47848510742188 89.292755126953125 256.56686401367188 66.21484375
 625 498 2.0613600000000001 0.076346600000000001 934.43584204676381 451 679.30859375 307.8603515625 990.2203369140625 221.9765625
 650 100 1.71418 0.0775695 2.4409035617453294 1.7421875 2.5546863079071045 1.2105140686035156 3.6369059085845947 0.891510009765625
 650 150 1.71418 0.0775695 2.7093274041349549 1.8984375 2.7838060855865479 1.3237152099609375 3.9630856513977051 0.9788818359375
 650 200 1.71418 0.0775695 3.3621530319139605 2.0703125 3.0358378887176514 1.4486122131347656 4.296417236328125 1.075592041015625
 650 250 1.71418 0.0775695 4.4097469728973753 2.4921875 3.624659538269043 1.7531559467315674 5.1227483749389648 1.294769287109375
 650 300 1.71418 0.0775695 5.7713231924989374 3.125 4.5450277328491211 2.1983146667480469 6.4235086441040039 1.62353515625
 650 350 1.71418 0.0775695 8.1280717294208582 4.140625 6.0716757774353027 2.8928017616271973 8.59283447265625 2.11883544921875
 650 400 1.71418 0.0775695 14.663054948334075 7.03125 10.310393333435059 4.868316650390625 14.678094863891602 3.570556640625
 650 450 1.71418 0.0775695 30.008347899647426 19.125 28.044269561767578 13.2418212890625 39.571544647216797 9.7119140625
 650 475 1.71418 0.0775695 67.144118121049132 44.375 65.246917724609375 30.83282470703125 92.7421875 22.70751953125
 650 500 1.71418 0.0775695 169.2994106233493 135.75 197.43600463867188 95.316650390625 279.0372314453125 71.056640625
 650 50 1.71418 0.0775695 2.2621483631769159 1.65625 2.4418740272521973 1.1508026123046875 3.4857711791992188 0.8475341796875
 650 523 1.71418 0.0775695 399.21660727112578 371 557.33154296875 255.44744873046875 813.7569580078125 188.3984375
 675 500 1.40934 0.078337500000000004 81.679797505284498 54.25 79.33416748046875 38.031951904296875 111.78073120117188 27.97265625
 675 525 1.40934 0.078337500000000004 302.68482600931679 178 258.88479614257812 124.982421875 363.67691040039062 93.171875
 675 548 1.40934 0.078337500000000004 1145.0189789721776 534.5 811.47021484375 362.73837280273438 1189.7908935546875 263.07421875
 700 100 1.18113 0.079638799999999996 2.3640823908246547 2.0859375 3.0920085906982422 1.4391746520996094 4.4508342742919922 1.051116943359375
 700 150 1.18113 0.079638799999999996 2.4334776969690504 2.1796875 3.2309751510620117 1.5091781616210938 4.650871753692627 1.10687255859375
 700 200 1.18113 0.079638799999999996 3.2053993116604658 2.4453125 3.5954728126525879 1.6990623474121094 5.1406197547912598 1.251312255859375
 700 250 1.18113 0.079638799999999996 4.3642769276167241 2.8203125 4.1356134414672852 1.9771795272827148 5.8875470161437988 1.4542236328125
 700 300 1.18113 0.079638799999999996 5.4523702105398604 3.28125 4.7853584289550781 2.2959136962890625 6.7933735847473145 1.7047119140625
 700 350 1.18113 0.079638799999999996 7.6471452376707827 4.25 6.1642971038818359 2.9897079467773438 8.672642707824707 2.2080078125
 700 400 1.18113 0.079638799999999996 11.256905037969737 5.734375 8.3858404159545898 3.998382568359375 11.886246681213379 2.956787109375
 700 450 1.18113 0.079638799999999996 19.673270810804233 9.40625 13.830508232116699 6.5488948822021484 19.658731460571289 4.776611328125
 700 500 1.18113 0.079638799999999996 48.762762010997051 25.75 37.553668975830078 17.8917236328125 52.993461608886719 13.1767578125
 700 50 1.18113 0.079638799999999996 2.0811258832914539 2.0078125 2.9922094345092773 1.3852729797363281 4.3177752494812012 1.011749267578125
 700 525 1.18113 0.079638799999999996 86.514688418993472 64.75 94.431068420410156 45.392974853515625 133.25540161132812 33.38671875
 700 550 1.18113 0.079638799999999996 239.69119113994776 199 291.01382446289062 139.5089111328125 412.4884033203125 102.609375
 700 573 1.18113 0.079638799999999996 1497.2776901487296 840 1191.5689697265625 589.8046875 1644.0439453125 439.6875
 725 550 0.97934900000000003 0.080988299999999999 146.05401774369835 77 111.68255615234375 54.166473388671875 157.12788391113281 40.00390625
 725 575 0.97934900000000003 0.080988299999999999 391.88560040523771 232.5 335.36981201171875 164.67567443847656 467.47219848632812 122.607421875
 725 598 0.97934900000000003 0.080988299999999999 1008.7827581937469 761 1073.43798828125 551.985107421875 1495.0657958984375 404.28125
 750 100 0.82636600000000004 0.081878999999999993 2.4691504441946059 2.5390625 3.804163932800293 1.735687255859375 5.5330438613891602 1.26953125
 750 150 0.82636600000000004 0.081878999999999993 2.7103384937172339 2.6953125 4.0275225639343262 1.85302734375 5.8349704742431641 1.34765625
 750 200 0.82636600000000004 0.081878999999999993 3.2073940815346491 2.90625 4.3079667091369629 2.0051422119140625 6.2188558578491211 1.4644775390625
 750 250 0.82636600000000004 0.081878999999999993 3.7270386673571241 3.171875 4.7017059326171875 2.1961517333984375 6.7293143272399902 1.6107177734375
 750 300 0.82636600000000004 0.081878999999999993 5.3269967185687808 3.671875 5.3843164443969727 2.5513076782226562 7.6652274131774902 1.87896728515625
 750 350 0.82636600000000004 0.081878999999999993 7.2594634224629244 4.296875 6.26654052734375 3.0123233795166016 8.8960847854614258 2.215576171875
 750 400 0.82636600000000004 0.081878999999999993 10.144144644788877 5.65625 8.203953742980957 3.9789495468139648 11.577407836914062 2.9385986328125
 750 450 0.82636600000000004 0.081878999999999993 14.913325268280072 7.84375 11.376753807067871 5.4988594055175781 16.006128311157227 4.04443359375
 750 500 0.82636600000000004 0.081878999999999993 27.230438865747914 13.1875 19.337715148925781 9.13079833984375 27.529582977294922 6.69677734375
 750 50 0.82636600000000004 0.081878999999999993 2.3806740975109144 2.4609375 3.7067315578460693 1.6858863830566406 5.4032602310180664 1.220855712890625
 750 550 0.82636600000000004 0.081878999999999993 75.41037133596484 36.875 54.072284698486328 25.5316162109375 76.524864196777344 18.7255859375
 750 575 0.82636600000000004 0.081878999999999993 143.09125248191893 94.25 136.70234680175781 66.301170349121094 191.15753173828125 48.9658203125
 750 600 0.82636600000000004 0.081878999999999993 593.40464629805797 306.5 440.88943481445312 217.08857727050781 615.47161865234375 161.630859375
 750 623 0.82636600000000004 0.081878999999999993 839.65840919533787 754 1138.700927734375 517.29351806640625 1675.178466796875 379.9453125
 775 600 0.69020800000000004 0.084204899999999999 156.71478462323438 104.875 152.5311279296875 73.522598266601562 214.27311706542969 54.076171875
 775 625 0.69020800000000004 0.084204899999999999 543.3278704348744 355 510.65496826171875 251.44027709960938 710.64068603515625 187.20703125
 775 648 0.69020800000000004 0.084204899999999999 2433.2927815386329 1281 1868.203857421875 880.6875 2652.133056640625 640.5
 800 100 0.58621100000000004 0.086252700000000002 2.8710986042753701 3.1015625 4.6963844299316406 2.1048750877380371 6.8974261283874512 1.52655029296875
 800 150 0.58621100000000004 0.086252700000000002 3.026847848061812 3.1875 4.8265109062194824 2.17584228515625 7.0695300102233887 1.56884765625
 800 200 0.58621100000000004 0.086252700000000002 3.2799607744261925 3.421875 5.1404824256896973 2.3307137489318848 7.505591869354248 1.69757080078125
 800 250 0.58621100000000004 0.086252700000000002 3.8530885921751463 3.71875 5.5568141937255859 2.556640625 8.0505685806274414 1.859375
 800 300 0.58621100000000004 0.086252700000000002 4.8350086598550206 4.1875 6.2071781158447266 2.89935302734375 8.9350080490112305 2.12646484375
 800 350 0.58621100000000004 0.086252700000000002 6.5085652841916506 4.828125 7.118293285369873 3.3546981811523438 10.161352157592773 2.47064208984375
 800 400 0.58621100000000004 0.086252700000000002 9.3218200179137511 5.875 8.5914878845214844 4.1186676025390625 12.177735328674316 3.029296875
 800 450 0.58621100000000004 0.086252700000000002 13.625083483506609 7.59375 11.044417381286621 5.3419046401977539 15.609126091003418 3.9451904296875
 800 500 0.58621100000000004 0.086252700000000002 19.993416445321117 10.40625 15.176422119140625 7.25592041015625 21.416048049926758 5.36572265625
 800 50 0.58621100000000004 0.086252700000000002 2.700770368766332 2.953125 4.4951629638671875 1.9968380928039551 6.614959716796875 1.44195556640625
 800 550 0.58621100000000004 0.086252700000000002 37.051867684607558 17.875 26.211309432983398 12.3763427734375 37.095104217529297 9.0771484375
 800 600 0.58621100000000004 0.086252700000000002 86.478451545649165 52.625 76.53826904296875 36.693603515625 107.5196533203125 27.134765625
 800 625 0.58621100000000004 0.086252700000000002 199.43904526063523 124.75 181.93476867675781 87.455963134765625 255.19303894042969 64.32421875
 800 650 0.58621100000000004 0.086252700000000002 624.2877954813755 488 694.19000244140625 347.994873046875 959.49554443359375 261.15625
 800 673 0.58621100000000004 0.086252700000000002 2020.1378715522023 1579 2220.984130859375 1124.208740234375 2997.157470703125 832.67578125
 150 1 715.13999999999999 0.042149600000000002 132.62726602136951 152 305.89312744140625 70.8974609375 460.98858642578125 40.375
 175 1 419.05900000000003 0.045327899999999997 3.6854891225674078 3.40625 5.5786433219909668 2.2069730758666992 9.0510787963867188 1.5567626953125
 200 1 244.21300000000002 0.047925000000000002 3.3640698462491256 1.921875 2.9713876247406006 1.2947788238525391 4.4975380897521973 0.930908203125
 225 1 156.286 0.050287600000000002 1.7669741136042485 1.21875 1.8502886295318604 0.82710456848144531 2.7419195175170898 0.599853515625
 250 1 104.252 0.052616900000000001 1.2089143298270089 0.84375 1.2708793878555298 0.57469654083251953 1.8525463342666626 0.4185791015625
 275 1 71.912500000000009 0.054966599999999997 1.0462173299155257 0.685546875 1.027124285697937 0.46963977813720703 1.4856599569320679 0.34009552001953125
 300 1 50.999400000000001 0.057276199999999999 1.0545815647700594 0.6640625 0.99228823184967041 0.453948974609375 1.4295778274536133 0.33203125
 325 1 36.971499999999999 0.059031699999999999 1.1441479974873781 0.591796875 0.88194495439529419 0.40308576822280884 1.2654826641082764 0.29358673095703125
 350 1 27.328600000000002 0.0607766 1.2411072461701547 0.59375 0.88485568761825562 0.4067535400390625 1.26606285572052 0.2945556640625
 375 1 20.542899999999999 0.062503100000000006 1.2801230468689098 0.6171875 0.9148639440536499 0.42431640625 1.3056411743164062 0.30859375
 400 1 15.669099999999998 0.064208500000000002 1.3346767868298288 0.642578125 0.9448167085647583 0.44491004943847656 1.3429656028747559 0.3263092041015625
 425 1 12.096499999999999 0.065780099999999994 1.3474889538035597 0.6640625 0.97375935316085815 0.46233892440795898 1.3821803331375122 0.33721923828125
 450 1 9.4401700000000002 0.067454399999999998 1.425242667111553 0.736328125 1.0738571882247925 0.51341629028320312 1.5153621435165405 0.379669189453125
 475 1 7.4358699999999995 0.068603300000000006 1.4929571151267513 0.79296875 1.1564615964889526 0.55782234668731689 1.631928563117981 0.4119720458984375
 500 1 5.9075699999999998 0.069990899999999995 1.5588810494793206 0.859375 1.2464570999145508 0.60453653335571289 1.7536593675613403 0.44647216796875
 525 1 4.6910099999999995 0.071370400000000001 1.6890227467350361 0.94921875 1.3767685890197754 0.66649246215820312 1.9369965791702271 0.496856689453125
 550 1 3.8167 0.072283399999999998 1.775315531158606 1.03515625 1.5014142990112305 0.72683334350585938 2.1123626232147217 0.541839599609375
 575 1 3.0730000000000004 0.073995699999999998 1.903155332216762 1.15234375 1.6805722713470459 0.81062853336334229 2.3715217113494873 0.5986785888671875
 600 1 2.5301499999999999 0.075429099999999999 1.8897120989577187 1.26171875 1.8400841951370239 0.88452768325805664 2.6122138500213623 0.65057373046875
 625 1 2.0613600000000001 0.076346600000000001 1.7708406709461131 1.375 2.0162546634674072 0.958740234375 2.8703830242156982 0.708984375
 650 1 1.71418 0.0775695 1.7673404589817927 1.484375 2.1884720325469971 1.0277557373046875 3.1422064304351807 0.7537841796875
 675 1 1.40934 0.078337500000000004 1.7408324176447252 1.6484375 2.4369266033172607 1.1373252868652344 3.5135016441345215 0.830657958984375
 700 1 1.18113 0.079638799999999996 1.7857674374615078 1.796875 2.6778526306152344 1.2353515625 3.8641564846038818 0.8984375
 725 1 0.97934900000000003 0.080988299999999999 1.9609419817284475 2.03125 3.0433311462402344 1.3885498046875 4.4141950607299805 1.015625
 750 1 0.82636600000000004 0.081878999999999993 1.9908319972577837 2.1796875 3.2831051349639893 1.4878921508789062 4.8118772506713867 1.07281494140625
 775 1 0.69020800000000004 0.084204899999999999 2.15987073372087 2.421875 3.6768555641174316 1.6436052322387695 5.4054708480834961 1.1920166015625
 800 1 0.58621100000000004 0.086252700000000002 2.3340295118983647 2.671875 4.077702522277832 1.8000583648681641 6.0380063056945801 1.294189453125
