# SampleName, Year, RunNumber, LumiBlockNumber, EventNumber, MET
DATA, 2018, 320857, 107, 155864348, 315
DATA, 2018, 315973, 162, 186838597, 362
DATA, 2018, 315973, 808, 913210034, 688
DATA, 2018, 315322, 264, 198708378, 350
DATA, 2018, 319639, 1445, 2112877711, 309
DATA, 2018, 317392, 795, 1106546746, 310
DATA, 2018, 317392, 824, 1149921557, 311
DATA, 2018, 322022, 1195, 2061432479, 365
DATA, 2018, 319756, 1427, 2282652618, 319
DATA, 2018, 317650, 613, 906512521, 324
DATA, 2018, 316876, 244, 344317585, 384
DATA, 2018, 317320, 1211, 1799038614, 317
DATA, 2018, 317488, 139, 194399121, 335
DATA, 2018, 320065, 241, 390878759, 300
DATA, 2018, 316082, 286, 366106291, 330
DATA, 2018, 315800, 265, 327093804, 351
DATA, 2018, 316187, 345, 457462167, 339
DATA, 2018, 316199, 965, 1341219795, 476
DATA, 2018, 321457, 798, 1282820350, 384
DATA, 2018, 317650, 1022, 1531510768, 302
DATA, 2018, 319639, 1264, 1833924700, 326
DATA, 2018, 321457, 1653, 2568465259, 358
DATA, 2018, 319656, 167, 169481808, 343
DATA, 2018, 319756, 1157, 1864134066, 640
DATA, 2018, 316666, 133, 163044143, 317
DATA, 2018, 317527, 822, 1153814546, 306
DATA, 2018, 320804, 96, 99381306, 348
DATA, 2018, 317649, 163, 239278246, 349
DATA, 2018, 320809, 313, 484660891, 475
DATA, 2018, 319524, 484, 683439831, 355
DATA, 2018, 317591, 149, 187456820, 308
DATA, 2018, 315703, 103, 116381686, 465
DATA, 2018, 316187, 701, 948075417, 352
DATA, 2018, 316569, 66, 67667888, 391
DATA, 2018, 315267, 36, 35194603, 331
DATA, 2018, 315689, 159, 177626972, 301
DATA, 2018, 315713, 1087, 1244253251, 315
DATA, 2018, 316114, 38, 42336809, 378
DATA, 2018, 320824, 302, 477093931, 478
DATA, 2018, 317392, 1261, 1793460447, 313
DATA, 2018, 317626, 224, 308248800, 408
DATA, 2018, 317640, 561, 816041844, 366
DATA, 2018, 316380, 29, 21103936, 321
DATA, 2018, 316380, 844, 686004131, 300
DATA, 2018, 316505, 498, 591703719, 304
DATA, 2018, 317087, 650, 848082330, 385
DATA, 2018, 320038, 234, 324856546, 327
DATA, 2018, 317435, 477, 674850463, 486
DATA, 2018, 317591, 227, 291748746, 303
DATA, 2018, 321817, 208, 368678453, 307
DATA, 2018, 317696, 360, 511834771, 321
DATA, 2018, 321818, 657, 1150018764, 337
DATA, 2018, 317663, 285, 410789773, 367
DATA, 2018, 317297, 170, 233715982, 452
DATA, 2018, 317320, 3, 2974876, 302
DATA, 2018, 315645, 585, 541025444, 313
DATA, 2018, 315705, 276, 198006058, 488
DATA, 2018, 320824, 59, 87801840, 346
DATA, 2018, 315790, 415, 285791856, 335
DATA, 2018, 317661, 376, 533431311, 312
DATA, 2018, 320838, 299, 437533226, 335
DATA, 2018, 315705, 58, 44238413, 370
DATA, 2018, 317683, 116, 131123419, 311
DATA, 2018, 317696, 195, 245763381, 378
DATA, 2018, 316615, 51, 32359478, 431
DATA, 2018, 316240, 514, 699156159, 402
DATA, 2018, 319579, 1327, 1987473642, 319
DATA, 2018, 315689, 367, 426941791, 313
DATA, 2018, 316717, 47, 57103932, 336
DATA, 2018, 321305, 2245, 3435964741, 349
DATA, 2018, 317591, 110, 131352516, 364
DATA, 2018, 317591, 120, 145066700, 306
DATA, 2018, 317626, 271, 376502176, 349
DATA, 2018, 317661, 627, 927272197, 367
DATA, 2018, 316470, 306, 403640099, 336
DATA, 2018, 321295, 189, 303510905, 360
DATA, 2018, 321988, 472, 817040929, 358
DATA, 2018, 316590, 314, 440850175, 309
DATA, 2018, 317626, 702, 1065511120, 361
DATA, 2018, 317626, 489, 721460037, 308
DATA, 2018, 322179, 912, 1574872714, 332
DATA, 2018, 316114, 938, 944308541, 388
DATA, 2018, 315489, 695, 375550762, 307
DATA, 2018, 319337, 575, 353905135, 393
DATA, 2018, 324077, 753, 1368190082, 438
DATA, 2018, 319524, 234, 290861008, 390
DATA, 2018, 315703, 157, 175207772, 307
DATA, 2018, 324318, 88, 184405440, 415
DATA, 2018, 316505, 1078, 1415918277, 391
DATA, 2018, 320064, 56, 91626722, 401
DATA, 2018, 322348, 304, 534300369, 305
DATA, 2018, 315646, 783, 491702139, 300
DATA, 2018, 323940, 482, 844769313, 308
DATA, 2018, 324021, 554, 994405896, 336
DATA, 2018, 316059, 12, 13608506, 319
DATA, 2018, 316877, 350, 527621432, 354
DATA, 2018, 315420, 850, 583517486, 390
DATA, 2018, 319656, 195, 218519708, 318
DATA, 2018, 321414, 31, 22836465, 340
DATA, 2018, 315721, 340, 451401979, 332
DATA, 2018, 319579, 464, 655501746, 323
DATA, 2018, 315690, 139, 91945002, 362
DATA, 2018, 321433, 79, 130146386, 334
DATA, 2018, 319639, 456, 713653654, 307
DATA, 2018, 316239, 49, 48538660, 335
DATA, 2018, 315690, 319, 201360980, 412
DATA, 2018, 316201, 291, 401712130, 483
DATA, 2018, 323727, 5, 6877668, 632
DATA, 2018, 323727, 42, 72779988, 330
DATA, 2018, 323727, 12, 16938732, 338
DATA, 2018, 315785, 104, 137973091, 307
DATA, 2018, 316758, 933, 1331966629, 392
DATA, 2018, 316928, 62, 44238352, 631
DATA, 2018, 320026, 203, 309658652, 310
DATA, 2018, 316457, 1087, 1238987063, 356
DATA, 2018, 321305, 354, 563964203, 305
DATA, 2018, 315645, 201, 208593404, 300
DATA, 2018, 316059, 233, 258755053, 554
DATA, 2018, 316758, 224, 314882567, 349
DATA, 2018, 315357, 787, 618384961, 366
DATA, 2018, 320059, 79, 129285794, 326
DATA, 2018, 316239, 311, 395760280, 417
DATA, 2018, 322204, 752, 1335833972, 302
DATA, 2018, 316153, 592, 795883189, 365
DATA, 2018, 322204, 458, 837878241, 472
DATA, 2018, 316239, 84, 93285937, 315
DATA, 2018, 315646, 533, 356200928, 354
DATA, 2018, 322222, 169, 333038618, 359
DATA, 2018, 319579, 72, 52728876, 320
DATA, 2018, 316202, 147, 202034195, 470
DATA, 2018, 319991, 735, 1146175692, 339
DATA, 2018, 316199, 766, 1041901893, 380
DATA, 2018, 324201, 1083, 2064419334, 508
DATA, 2018, 315646, 781, 490534122, 410
DATA, 2018, 316216, 188, 248581683, 512
DATA, 2018, 315512, 574, 469283891, 323
DATA, 2018, 320809, 562, 811140543, 368
DATA, 2018, 316187, 1218, 1654175764, 499
DATA, 2018, 321051, 302, 407502498, 302
DATA, 2018, 321068, 700, 1037636925, 547
DATA, 2018, 322356, 496, 930619354, 332
DATA, 2018, 322605, 23, 42799812, 434
DATA, 2018, 325001, 309, 546013816, 305
DATA, 2018, 325001, 481, 879771042, 483
DATA, 2018, 321457, 756, 1217046711, 337
DATA, 2018, 321434, 534, 871036070, 337
DATA, 2018, 321831, 106, 154470201, 302
DATA, 2018, 322079, 425, 753948563, 308
DATA, 2018, 321218, 920, 1366246816, 392
DATA, 2018, 322179, 1091, 1868589694, 301
DATA, 2018, 323495, 57, 103802791, 328
DATA, 2018, 324980, 600, 1117352063, 417
DATA, 2018, 322068, 181, 261542929, 373
DATA, 2018, 320822, 91, 155149007, 314
DATA, 2018, 322106, 194, 297606976, 301
DATA, 2018, 323980, 170, 342155489, 461
DATA, 2018, 324077, 172, 244102807, 384
DATA, 2018, 324201, 571, 1114809732, 318
DATA, 2018, 324980, 1376, 2521805101, 312
DATA, 2018, 321295, 143, 227201348, 373
DATA, 2018, 321781, 193, 361334474, 301
DATA, 2018, 321908, 149, 185152881, 405
DATA, 2018, 324785, 657, 1151668766, 310
DATA, 2018, 320887, 151, 180629636, 316
DATA, 2018, 321755, 435, 653785325, 344
DATA, 2018, 322118, 414, 764560184, 342
DATA, 2018, 322118, 604, 1106574355, 330
DATA, 2018, 322625, 279, 457086753, 303
DATA, 2018, 325022, 668, 1065050284, 314
DATA, 2018, 323940, 454, 792383844, 339
DATA, 2018, 324420, 7, 11676286, 301
DATA, 2018, 324878, 1192, 2199039833, 386
DATA, 2018, 320855, 280, 443811800, 301
DATA, 2018, 321755, 250, 375881781, 375
DATA, 2018, 321973, 742, 1310266587, 418
DATA, 2018, 324237, 231, 391932083, 305
DATA, 2018, 320857, 76, 111118383, 324
DATA, 2018, 321414, 438, 749087770, 603
DATA, 2018, 324998, 290, 588261594, 339
DATA, 2018, 323487, 340, 620577973, 316
DATA, 2018, 323474, 24, 46238992, 327
DATA, 2018, 322431, 689, 1212424862, 316
DATA, 2018, 323727, 136, 252439268, 342
DATA, 2018, 324785, 77, 16484386, 308
DATA, 2018, 324791, 112, 202382345, 388
DATA, 2018, 321167, 202, 312466137, 369
DATA, 2018, 323702, 666, 1152663534, 473
DATA, 2018, 323940, 238, 374576125, 412
DATA, 2018, 324077, 456, 794178412, 328
DATA, 2018, 321961, 188, 341661008, 700
DATA, 2018, 323488, 604, 1096597301, 446
DATA, 2018, 324835, 55, 36507529, 305
DATA, 2018, 323526, 72, 112364286, 310
DATA, 2018, 324970, 1899, 3423999517, 415
DATA, 2018, 324970, 1159, 2124301054, 306
DATA, 2018, 324970, 1353, 2513075916, 312
DATA, 2018, 321138, 336, 490367003, 307
DATA, 2018, 321009, 14, 19031140, 339
DATA, 2018, 321777, 92, 144737516, 304
DATA, 2018, 321149, 1732, 2597660350, 411
DATA, 2018, 321961, 124, 229419949, 336
DATA, 2018, 320822, 499, 811078766, 391
DATA, 2018, 322625, 211, 323578589, 303
DATA, 2018, 324747, 135, 141103845, 394
DATA, 2018, 322625, 645, 1142449848, 350
DATA, 2018, 321475, 562, 897187655, 311
DATA, 2018, 321475, 1751, 2728994843, 308
DATA, 2018, 323755, 352, 601367639, 352
DATA, 2018, 324970, 682, 1256069624, 301
DATA, 2018, 322381, 145, 191879646, 417
DATA, 2018, 321730, 150, 271735073, 302
DATA, 2018, 321124, 353, 516187636, 374
DATA, 2018, 321149, 1399, 2096740838, 307
DATA, 2018, 321813, 352, 610110249, 415
DATA, 2018, 322407, 508, 885791550, 368
DATA, 2018, 324293, 715, 1337156160, 358
DATA, 2018, 324293, 969, 1801498203, 378
DATA, 2018, 324293, 606, 1127323116, 593
DATA, 2018, 324315, 129, 247204629, 349
DATA, 2018, 325022, 1347, 1894960023, 316
DATA, 2018, 325022, 1241, 1766102007, 380
DATA, 2018, 325099, 125, 238798406, 522
DATA, 2018, 322252, 345, 578392569, 330
DATA, 2018, 324201, 647, 1263815372, 311
DATA, 2018, 321295, 49, 79118316, 337
DATA, 2018, 323526, 110, 171594893, 322
DATA, 2018, 324970, 1386, 2576619930, 304
DATA, 2018, 321138, 24, 19658637, 304
DATA, 2018, 322602, 42, 80230741, 340
DATA, 2018, 322617, 380, 655824853, 319
DATA, 2018, 321121, 22, 38915939, 320
DATA, 2018, 320824, 1013, 1442818870, 306
DATA, 2018, 321433, 13, 19818115, 500
