 150 23 715.13999999999999 0.042149600000000002 323.13250320263779 307 617.82366943359375 156.06707763671875 931.07562255859375 91.140625
 175 25 419.05900000000003 0.045327899999999997 7.9765147529167599 6.4375 12.441975593566895 3.705963134765625 19.519765853881836 2.46435546875
 175 48 419.05900000000003 0.045327899999999997 89.668337320752798 61 122.27345275878906 34.7890625 184.99819946289062 22.875
 200 25 244.21300000000002 0.047925000000000002 2.6909594823179961 2.1015625 3.299461841583252 1.3968515396118164 5.1106429100036621 1.00152587890625
 200 50 244.21300000000002 0.047925000000000002 9.3919227280333519 4.953125 7.9146304130554199 3.2674179077148438 12.437403678894043 2.32177734375
 200 73 244.21300000000002 0.047925000000000002 35.971141714867244 31.375 52.635555267333984 20.034500122070312 90.394538879394531 14.09423828125
 225 50 156.286 0.050287600000000002 2.8705493813046097 2.109375 3.252871036529541 1.4210987091064453 4.9200315475463867 1.021728515625
 225 75 156.286 0.050287600000000002 4.741232817608946 4.1875 6.6244668960571289 2.762359619140625 10.204023361206055 1.962890625
 225 98 156.286 0.050287600000000002 18.560664816015517 18.4375 32.401107788085938 11.359138488769531 55.880863189697266 7.7783203125
 250 100 104.252 0.052616900000000001 9.8974482980121081 4.859375 7.435542106628418 3.2858023643493652 11.134772300720215 2.37274169921875
 250 123 104.252 0.052616900000000001 24.661836552437617 17.8125 28.46270751953125 11.676406860351562 44.928375244140625 8.349609375
 250 50 104.252 0.052616900000000001 1.5631630566111516 1.1953125 1.8051770925521851 0.81885910034179688 2.6556522846221924 0.592987060546875
 250 75 104.252 0.052616900000000001 3.9306291676134464 2.21875 3.4038503170013428 1.4947853088378906 5.1145486831665039 1.07470703125
 275 100 71.912500000000009 0.054966599999999997 5.8504719526974815 2.375 3.5962238311767578 1.6176643371582031 5.2816562652587891 1.17822265625
 275 125 71.912500000000009 0.054966599999999997 12.087583613572681 6.28125 9.5861778259277344 4.2627696990966797 14.306105613708496 3.091552734375
 275 148 71.912500000000009 0.054966599999999997 49.653883034974925 36 57.094139099121094 23.56787109375 87.783554077148438 16.59375
 300 100 50.999400000000001 0.057276199999999999 2.3082229500684144 1.48046875 2.2063179016113281 1.017822265625 3.1837291717529297 0.740234375
 300 125 50.999400000000001 0.057276199999999999 4.4264284890681509 3.0546875 4.5523495674133301 2.1075553894042969 6.6060700416564941 1.539276123046875
 300 150 50.999400000000001 0.057276199999999999 14.724984570626003 7.21875 11.045724868774414 4.8990039825439453 16.455844879150391 3.552978515625
 300 173 50.999400000000001 0.057276199999999999 35.074332221864324 30.5 48.73614501953125 19.9932861328125 76.586158752441406 14.296875
 300 50 50.999400000000001 0.057276199999999999 1.2368314678996801 0.7109375 1.0651658773422241 0.48423504829406738 1.5406843423843384 0.352691650390625
 325 150 36.971499999999999 0.059031699999999999 5.8457810876735268 3.765625 5.5818281173706055 2.5834660530090332 8.0806903839111328 1.89752197265625
 325 175 36.971499999999999 0.059031699999999999 11.23925736611152 9.0625 13.866927146911621 6.1502647399902344 20.605373382568359 4.46044921875
 325 198 36.971499999999999 0.059031699999999999 80.006039537136857 34.8125 53.823184967041016 23.281284332275391 80.857795715332031 16.59033203125
 350 100 27.328600000000002 0.0607766 1.5668892912096033 0.921875 1.3812041282653809 0.6292877197265625 1.9922554492950439 0.4537353515625
 350 150 27.328600000000002 0.0607766 2.9154727102370597 1.9609375 2.9223523139953613 1.340484619140625 4.2169709205627441 0.98046875
 350 175 27.328600000000002 0.0607766 5.8776116391121453 3.609375 5.4221525192260742 2.4584240913391113 7.9168572425842285 1.79058837890625
 350 200 27.328600000000002 0.0607766 25.769929474106824 13.75 20.765436172485352 9.3654251098632812 30.384256362915039 6.8212890625
 350 223 27.328600000000002 0.0607766 77.612055935296766 55.25 84.760665893554688 37.358833312988281 126.7091064453125 26.9775390625
 350 50 27.328600000000002 0.0607766 1.4120168977418377 0.67578125 1.0097992420196533 0.46129989624023438 1.4548057317733765 0.332611083984375
 375 200 20.542899999999999 0.062503100000000006 7.6351124455719903 4.484375 6.6472392082214355 3.0939559936523438 9.5684604644775391 2.25970458984375
 375 225 20.542899999999999 0.062503100000000006 26.397287061251259 13.125 19.821552276611328 8.9397239685058594 29.160102844238281 6.51123046875
 375 248 20.542899999999999 0.062503100000000006 134.75147225298366 64.5 98.951370239257812 43.613479614257812 147.9228515625 31.494140625
 400 100 15.669099999999998 0.064208500000000002 1.7893378510088289 0.8203125 1.2192281484603882 0.56396484375 1.7422685623168945 0.41015625
 400 150 15.669099999999998 0.064208500000000002 2.7052875637638301 1.2421875 1.8512111902236938 0.85097122192382812 2.6487367153167725 0.616241455078125
 400 200 15.669099999999998 0.064208500000000002 5.4385916748188796 2.9453125 4.3776097297668457 2.02490234375 6.2913446426391602 1.47265625
 400 225 15.669099999999998 0.064208500000000002 10.359007117322363 6.40625 9.4449844360351562 4.435577392578125 13.482699394226074 3.253173828125
 400 250 15.669099999999998 0.064208500000000002 40.603184235440096 20 29.885385513305664 13.75 43.538829803466797 10
 400 273 15.669099999999998 0.064208500000000002 67.804563980321021 63.5 97.67034912109375 42.84234619140625 146.50053405761719 31.25390625
 400 50 15.669099999999998 0.064208500000000002 1.4908125361824829 0.716796875 1.0568016767501831 0.49629783630371094 1.508582592010498 0.3639984130859375
 425 250 12.096499999999999 0.065780099999999994 14.331601531538123 7.59375 11.195762634277344 5.257781982421875 15.981931686401367 3.856201171875
 425 275 12.096499999999999 0.065780099999999994 43.049412140932603 23.375 34.462677001953125 16.1844482421875 49.195411682128906 11.8701171875
 425 298 12.096499999999999 0.065780099999999994 150.37713102433153 78.75 117.35980987548828 54.525146484375 170.30482482910156 39.990234375
 450 100 9.4401700000000002 0.067454399999999998 1.8653678829013645 0.90234375 1.3303606510162354 0.62476730346679688 1.8990875482559204 0.458221435546875
 450 150 9.4401700000000002 0.067454399999999998 2.4315959378808207 1.140625 1.6862145662307739 0.7841796875 2.4032955169677734 0.5703125
 450 200 9.4401700000000002 0.067454399999999998 3.5428141684458656 1.7578125 2.6196384429931641 1.20849609375 3.7375655174255371 0.87890625
 450 250 9.4401700000000002 0.067454399999999998 6.5865971974795654 4.1875 6.2071781158447266 2.889129638671875 8.8585271835327148 2.110107421875
 450 275 9.4401700000000002 0.067454399999999998 13.774112057441377 9.1875 13.472247123718262 6.383697509765625 19.122871398925781 4.701416015625
 450 300 9.4401700000000002 0.067454399999999998 53.648259098022073 27.875 41.319423675537109 19.23211669921875 59.308113098144531 14.04638671875
 450 323 9.4401700000000002 0.067454399999999998 138.50465543431983 107.75 160.57801818847656 74.604248046875 233.67289733886719 54.716796875
 450 50 9.4401700000000002 0.067454399999999998 1.6490881234917376 0.81640625 1.200405478477478 0.57037317752838135 1.7062603235244751 0.4177703857421875
 475 300 7.4358699999999995 0.068603300000000006 15.766423631656808 11 16.261575698852539 7.6162109375 23.31126594543457 5.5859375
 475 325 7.4358699999999995 0.068603300000000006 93.004636025142858 37.75 56.559139251708984 25.8056640625 82.263595581054688 18.875
 475 348 7.4358699999999995 0.068603300000000006 173.72623770440322 140.5 212.18499755859375 96.044921875 313.83209228515625 70.25
 500 100 5.9075699999999998 0.069990899999999995 2.0474411374968309 1.0546875 1.5381509065628052 0.7353973388671875 2.183584451675415 0.5438232421875
 500 150 5.9075699999999998 0.069990899999999995 2.4582809799125549 1.2265625 1.7985907793045044 0.84925079345703125 2.5605120658874512 0.62286376953125
 500 200 5.9075699999999998 0.069990899999999995 3.2358878767933881 1.5703125 2.3089137077331543 1.0872573852539062 3.2915310859680176 0.79742431640625
 500 250 5.9075699999999998 0.069990899999999995 4.8562965497599659 2.3984375 3.5552306175231934 1.639556884765625 5.1030240058898926 1.19921875
 500 300 5.9075699999999998 0.069990899999999995 10.8049734891367 6.34375 9.3781251907348633 4.3365478515625 13.404994010925293 3.171875
 500 325 5.9075699999999998 0.069990899999999995 23.315782754819267 14.1875 20.690977096557617 9.9461441040039062 29.197853088378906 7.3154296875
 500 350 5.9075699999999998 0.069990899999999995 89.501529402717495 45.875 66.90386962890625 32.073860168457031 94.977836608886719 23.654296875
 500 373 5.9075699999999998 0.069990899999999995 228.55067975964988 131.5 201.73806762695312 89.242462158203125 303.1270751953125 64.72265625
 500 50 5.9075699999999998 0.069990899999999995 1.8649539249094191 0.9765625 1.4242137670516968 0.68461894989013672 2.0218374729156494 0.5035400390625
 525 350 4.6910099999999995 0.071370400000000001 32.2238773413616 18 26.681600570678711 12.462890625 38.188030242919922 9.140625
 525 375 4.6910099999999995 0.071370400000000001 74.332073803955865 57.25 84.634117126464844 39.638916015625 122.02341461181641 29.072265625
 525 398 4.6910099999999995 0.071370400000000001 377.67253813563434 193.5 289.14111328125 133.97607421875 423.576171875 98.26171875
 550 100 3.8167 0.072283399999999998 2.3943830632092871 1.27734375 1.8679631948471069 0.89376640319824219 2.6476857662200928 0.6636199951171875
 550 150 3.8167 0.072283399999999998 2.7023417129439395 1.4296875 2.0850489139556885 1.0022821426391602 2.9599699974060059 0.7371826171875
 550 200 3.8167 0.072283399999999998 3.2803460571485235 1.6796875 2.463038444519043 1.1775445938110352 3.4857726097106934 0.8660888671875
 550 250 3.8167 0.072283399999999998 4.5499313629819005 2.234375 3.2675075531005859 1.5524978637695312 4.6314258575439453 1.14337158203125
 550 300 3.8167 0.072283399999999998 7.5779287181406589 3.5 5.2020401954650879 2.40625 7.4336791038513184 1.75
 550 350 3.8167 0.072283399999999998 17.911112595283981 9 13.304925918579102 6.20947265625 18.962989807128906 4.53515625
 550 375 3.8167 0.072283399999999998 29.672886922133706 20.625 30.16160774230957 14.33074951171875 42.751625061035156 10.55419921875
 550 400 3.8167 0.072283399999999998 164.10231152688749 72.25 107.67296600341797 49.8482666015625 156.2479248046875 36.4072265625
 550 423 3.8167 0.072283399999999998 545.7734386480513 309.5 451.37322998046875 217.14019775390625 644.60321044921875 160.794921875
 550 50 3.8167 0.072283399999999998 2.280981003043578 1.2265625 1.788812518119812 0.85988140106201172 2.5394277572631836 0.6324462890625
 575 400 3.0730000000000004 0.073995699999999998 40.808542669836889 25.625 37.371368408203125 17.80487060546875 52.736209869384766 13.11279296875
 575 425 3.0730000000000004 0.073995699999999998 94.947993030260804 79.5 116.25928497314453 55.4326171875 164.7880859375 40.9921875
 575 448 3.0730000000000004 0.073995699999999998 504.25676180550096 296 443.48358154296875 203.80712890625 645.03375244140625 150.3125
 600 100 2.5301499999999999 0.075429099999999999 2.9277028909353682 1.5859375 2.3255665302276611 1.1058197021484375 3.3204801082611084 0.8177490234375
 600 150 2.5301499999999999 0.075429099999999999 3.2184463349856491 1.7265625 2.53865647315979 1.2104063034057617 3.619046688079834 0.8902587890625
 600 200 2.5301499999999999 0.075429099999999999 3.5418975316674106 1.8984375 2.7686715126037598 1.3308992385864258 3.9304518699645996 0.9788818359375
 600 250 2.5301499999999999 0.075429099999999999 4.4896130197003759 2.328125 3.3953256607055664 1.6321315765380859 4.8200602531433105 1.200439453125
 600 300 2.5301499999999999 0.075429099999999999 6.1791756000213365 3.0625 4.4907488822937012 2.127899169921875 6.3742904663085938 1.567138671875
 600 350 2.5301499999999999 0.075429099999999999 11.064997495379817 5.171875 7.6457128524780273 3.5556640625 10.897134780883789 2.5859375
 600 400 2.5301499999999999 0.075429099999999999 21.341156598106799 12.375 18.244945526123047 8.53802490234375 25.893178939819336 6.23583984375
 600 425 2.5301499999999999 0.075429099999999999 60.932485945814548 31 45.457378387451172 21.53955078125 64.332771301269531 15.86328125
 600 450 2.5301499999999999 0.075429099999999999 131.75334177135571 105.25 152.65699768066406 74.292984008789062 214.77545166015625 55.091796875
 600 473 2.5301499999999999 0.075429099999999999 719.81434140747001 413.5 616.23211669921875 287.309814453125 886.721923828125 211.595703125
 600 50 2.5301499999999999 0.075429099999999999 2.7373451325644966 1.50390625 2.2172677516937256 1.0449504852294922 3.1743485927581787 0.7695770263671875
 625 450 2.0613600000000001 0.076346600000000001 67.437881739753621 35.8125 52.514266967773438 24.9708251953125 74.319915771484375 18.4658203125
 625 475 2.0613600000000001 0.076346600000000001 277.60266338578356 126.75 183.33586120605469 89.469223022460938 257.54165649414062 66.345703125
 625 498 2.0613600000000001 0.076346600000000001 926.03036525031621 457 690.16754150390625 310.14300537109375 1009.8621215820312 224.9296875
 650 100 1.71418 0.0775695 3.5240584161928989 1.9765625 2.9298806190490723 1.3685379028320312 4.2174572944641113 1.00372314453125
 650 150 1.71418 0.0775695 3.7856571957682066 2.1328125 3.1529903411865234 1.4819297790527344 4.519869327545166 1.091400146484375
 650 200 1.71418 0.0775695 4.1250612388805834 2.25 3.3172628879547119 1.56884765625 4.7353873252868652 1.16015625
 650 250 1.71418 0.0775695 4.9509959234940997 2.65625 3.8844494819641113 1.8621635437011719 5.5058913230895996 1.36962890625
 650 300 1.71418 0.0775695 6.2292933758024063 3.265625 4.762570858001709 2.2893657684326172 6.761023998260498 1.683837890625
 650 350 1.71418 0.0775695 8.4780133517015024 4.234375 6.2091479301452637 2.9421463012695312 8.8394746780395508 2.16680908203125
 650 400 1.71418 0.0775695 14.85308256753976 7.0625 10.384368896484375 4.88995361328125 14.7603759765625 3.58642578125
 650 450 1.71418 0.0775695 30.335188555056636 19.125 28.044269561767578 13.315361022949219 39.689167022705078 9.7119140625
 650 475 1.71418 0.0775695 67.22020491988134 44.5 65.253334045410156 30.81103515625 92.896034240722656 22.59765625
 650 500 1.71418 0.0775695 165.95662108500963 136 197.79960632324219 95.4921875 279.55111694335938 71.1875
 650 50 1.71418 0.0775695 3.3450844230146806 1.890625 2.8024945259094238 1.3090362548828125 4.0340895652770996 0.9600830078125
 650 523 1.71418 0.0775695 397.80543794244579 377 564.84228515625 259.57867431640625 826.08978271484375 191.4453125
 675 500 1.40934 0.078337500000000004 81.413099441369681 54.5 79.482521057128906 38.0009765625 112.16091918945312 28.1015625
 675 525 1.40934 0.078337500000000004 301.88570036420879 178.5 258.90048217773438 125.33349609375 364.25100708007812 93.43359375
 675 548 1.40934 0.078337500000000004 1137.4889862701464 537 815.265625 364.43499755859375 1195.3558349609375 264.3046875
 700 100 1.18113 0.079638799999999996 4.0926355674772541 2.5 3.735673189163208 1.708984375 5.4272503852844238 1.25
 700 150 1.18113 0.079638799999999996 3.9491254177261621 2.546875 3.8158690929412842 1.7571945190429688 5.5193748474121094 1.28338623046875
 700 200 1.18113 0.079638799999999996 4.7439708096316338 2.7734375 4.1221523284912109 1.9202804565429688 5.9410519599914551 1.40838623046875
 700 250 1.18113 0.079638799999999996 5.7350394369144428 3.140625 4.6178274154663086 2.1745147705078125 6.6408634185791016 1.5948486328125
 700 300 1.18113 0.079638799999999996 6.3864841278478304 3.5 5.1322846412658691 2.4404296875 7.3064298629760742 1.8046875
 700 350 1.18113 0.079638799999999996 8.3533272496190882 4.453125 6.4944148063659668 3.1158828735351562 9.192051887512207 2.31353759765625
 700 400 1.18113 0.079638799999999996 11.669031116984398 5.84375 8.5457887649536133 4.07464599609375 12.112960815429688 3.01318359375
 700 450 1.18113 0.079638799999999996 20.057128826177667 9.5 13.930486679077148 6.57763671875 19.773309707641602 4.82421875
 700 500 1.18113 0.079638799999999996 48.982450413035771 25.75 37.65631103515625 17.8917236328125 53.057212829589844 13.1767578125
 700 50 1.18113 0.079638799999999996 3.6147648683155151 2.453125 3.6949641704559326 1.67694091796875 5.371401309967041 1.2265625
 700 525 1.18113 0.079638799999999996 86.358647327576435 64.875 94.613372802734375 45.480606079101562 133.51264953613281 33.451171875
 700 550 1.18113 0.079638799999999996 237.87299057787484 199.5 290.94979858398438 139.1044921875 413.03713989257812 102.8671875
 700 573 1.18113 0.079638799999999996 1465.1825540836885 847 1201.498779296875 596.2965087890625 1663.112060546875 443.3515625
 725 550 0.97934900000000003 0.080988299999999999 146.94451037630853 77.25 112.045166015625 54.0523681640625 157.63804626464844 40.1337890625
 725 575 0.97934900000000003 0.080988299999999999 394.37190873879058 232.75 335.73040771484375 164.85275268554688 467.974853515625 122.7392578125
 725 598 0.97934900000000003 0.080988299999999999 960.84227105580669 764 1077.669677734375 554.1611328125 1505.824951171875 405.875
 750 100 0.82636600000000004 0.081878999999999993 4.5675440541213366 3.265625 4.9187741279602051 2.2162160873413086 7.2091927528381348 1.6072998046875
 750 150 0.82636600000000004 0.081878999999999993 4.7064261881711866 3.328125 5.0129132270812988 2.258631706237793 7.3072657585144043 1.6380615234375
 750 200 0.82636600000000004 0.081878999999999993 5.6562265339005542 3.515625 5.2673039436340332 2.40325927734375 7.661137580871582 1.7578125
 750 250 0.82636600000000004 0.081878999999999993 5.9982237553336804 3.6875 5.5101180076599121 2.544158935546875 7.9829163551330566 1.858154296875
 750 300 0.82636600000000004 0.081878999999999993 7.2732691027891017 4.078125 6.0450501441955566 2.8236236572265625 8.7016315460205078 2.0709228515625
 750 350 0.82636600000000004 0.081878999999999993 8.5229127807562293 4.609375 6.7957816123962402 3.213958740234375 9.7009668350219727 2.376708984375
 750 400 0.82636600000000004 0.081878999999999993 11.111286118103532 5.921875 8.6364326477050781 4.1435775756835938 12.260421752929688 3.07659912109375
 750 450 0.82636600000000004 0.081878999999999993 15.482130115542249 7.9999999999999991 11.635271072387695 5.6083984375 16.444183349609375 4.125
 750 500 0.82636600000000004 0.081878999999999993 27.631527722485302 13.25 19.482177734375 9.174072265625 27.692031860351562 6.728515625
 750 50 0.82636600000000004 0.081878999999999993 4.4797569465036036 3.171875 4.802851676940918 2.152592658996582 7.0537910461425781 1.5611572265625
 750 550 0.82636600000000004 0.081878999999999993 75.692338455422586 36.9375 54.163932800292969 25.57489013671875 76.654571533203125 18.75732421875
 750 575 0.82636600000000004 0.081878999999999993 143.40432484212477 94.5 137.06495666503906 66.477035522460938 192.25167846679688 49.095703125
 750 600 0.82636600000000004 0.081878999999999993 585.76174423334339 307.5 442.32791137695312 217.79685974121094 617.47967529296875 162.158203125
 750 623 0.82636600000000004 0.081878999999999993 828.53495143833811 755 1125.163818359375 517.9796142578125 1641.90966796875 380.44921875
 775 600 0.69020800000000004 0.084204899999999999 156.99060850109828 105 152.71293640136719 73.6102294921875 214.52851867675781 54.140625
 775 625 0.69020800000000004 0.084204899999999999 527.04848254675994 356 512.09344482421875 252.1485595703125 714.87078857421875 187.734375
 775 648 0.69020800000000004 0.084204899999999999 2266.7012738959061 1288 1883.546630859375 885.5 2685.657470703125 644
 800 100 0.58621100000000004 0.086252700000000002 5.668015634952889 4.203125 6.4146313667297363 2.8420605659484863 9.4486465454101562 2.05230712890625
 800 150 0.58621100000000004 0.086252700000000002 5.7082442295458842 4.203125 6.3978776931762695 2.8420605659484863 9.414942741394043 2.05230712890625
 800 200 0.58621100000000004 0.086252700000000002 5.8576710823690865 4.359375 6.6009635925292969 2.9584894180297852 9.6946191787719727 2.1456298828125
 800 250 0.58621100000000004 0.086252700000000002 6.8685436408658269 4.5625 6.8903489112854004 3.1076183319091797 10.082048416137695 2.263427734375
 800 300 0.58621100000000004 0.086252700000000002 7.7924856477316018 4.859375 7.2805848121643066 3.32183837890625 10.560112953186035 2.4296875
 800 350 0.58621100000000004 0.086252700000000002 9.1792382239199863 5.359375 7.9869871139526367 3.7107391357421875 11.525267601013184 2.7215576171875
 800 400 0.58621100000000004 0.086252700000000002 11.35929422466427 6.3125 9.3067655563354492 4.4014892578125 13.285391807556152 3.2548828125
 800 450 0.58621100000000004 0.086252700000000002 14.704685797672564 7.90625 11.530434608459473 5.5426750183105469 16.368795394897461 4.07666015625
 800 500 0.58621100000000004 0.086252700000000002 20.858470456793384 10.625 15.537797927856445 7.408447265625 22.023565292358398 5.478515625
 800 50 0.58621100000000004 0.086252700000000002 5.5007410956671459 4.109375 6.2551741600036621 2.7622404098510742 9.2537002563476562 2.00653076171875
 800 550 0.58621100000000004 0.086252700000000002 37.650057867087824 18 26.39460563659668 12.5321044921875 37.465217590332031 9.140625
 800 600 0.58621100000000004 0.086252700000000002 86.943870224102824 52.75 76.720069885253906 36.78076171875 107.77503967285156 27.19921875
 800 625 0.58621100000000004 0.086252700000000002 198.56522144439759 125 181.80111694335938 87.6312255859375 256.16574096679688 64.453125
 800 650 0.58621100000000004 0.086252700000000002 617.09172967979362 491 700.41473388671875 351.91729736328125 969.7900390625 262.76171875
 800 673 0.58621100000000004 0.086252700000000002 1884.6225963086781 1619 2283.700439453125 1154.861572265625 3098.2158203125 847.4453125
 150 1 715.13999999999999 0.042149600000000002 132.63638392840977 152 305.89312744140625 70.8974609375 460.98858642578125 40.375
 175 1 419.05900000000003 0.045327899999999997 3.6705897809798471 3.421875 5.5769538879394531 2.2084293365478516 9.0851373672485352 1.550537109375
 200 1 244.21300000000002 0.047925000000000002 3.3492443283021229 1.921875 2.9713876247406006 1.2947788238525391 4.4975380897521973 0.930908203125
 225 1 156.286 0.050287600000000002 1.7585985858218238 1.21875 1.8502886295318604 0.82710456848144531 2.7419195175170898 0.599853515625
 250 1 104.252 0.052616900000000001 1.2081947975280758 0.84765625 1.270005464553833 0.57526183128356934 1.8574008941650391 0.417205810546875
 275 1 71.912500000000009 0.054966599999999997 1.0557019823498206 0.689453125 1.0329768657684326 0.47231578826904297 1.502434253692627 0.34203338623046875
 300 1 50.999400000000001 0.057276199999999999 1.0577367026374023 0.66796875 0.99546265602111816 0.45759773254394531 1.4364582300186157 0.3313751220703125
 325 1 36.971499999999999 0.059031699999999999 1.1777928295928515 0.59765625 0.8930593729019165 0.40797042846679688 1.286620020866394 0.294158935546875
 350 1 27.328600000000002 0.0607766 1.2853925884535209 0.603515625 0.89940923452377319 0.41344356536865234 1.2905417680740356 0.29940032958984375
 375 1 20.542899999999999 0.062503100000000006 1.3533785240789924 0.6328125 0.94306987524032593 0.43505859375 1.3493565320968628 0.31640625
 400 1 15.669099999999998 0.064208500000000002 1.4159825608371563 0.6640625 0.9790533185005188 0.45816421508789062 1.3975969552993774 0.334625244140625
 425 1 12.096499999999999 0.065780099999999994 1.4373298684539986 0.693359375 1.0222468376159668 0.48007011413574219 1.4507700204849243 0.3520965576171875
 450 1 9.4401700000000002 0.067454399999999998 1.5686543208877171 0.78515625 1.1481975317001343 0.54362869262695312 1.6323177814483643 0.398712158203125
 475 1 7.4358699999999995 0.068603300000000006 1.6860154017841127 0.86328125 1.2624460458755493 0.60193634033203125 1.789414644241333 0.44512939453125
 500 1 5.9075699999999998 0.069990899999999995 1.8089694649883132 0.95703125 1.3919147253036499 0.66730499267578125 1.9671995639801025 0.49346923828125
 525 1 4.6910099999999995 0.071370400000000001 2.0161314397969461 1.07421875 1.5666351318359375 0.75308084487915039 2.2240211963653564 0.55389404296875
 550 1 3.8167 0.072283399999999998 2.1969651721682597 1.1875 1.7365773916244507 0.83249664306640625 2.4614572525024414 0.6123046875
 575 1 3.0730000000000004 0.073995699999999998 2.5079642263920081 1.3515625 1.981886625289917 0.9423980712890625 2.8297686576843262 0.6968994140625
 600 1 2.5301499999999999 0.075429099999999999 2.7813658176257219 1.51953125 2.2342474460601807 1.0558071136474609 3.1944108009338379 0.7775726318359375
 625 1 2.0613600000000001 0.076346600000000001 2.9508611398563187 1.6796875 2.4831242561340332 1.1629867553710938 3.5698561668395996 0.85296630859375
 650 1 1.71418 0.0775695 3.3120250059493053 1.890625 2.8100306987762451 1.3044204711914062 4.0614376068115234 0.95269775390625
 675 1 1.40934 0.078337500000000004 3.4017448757228794 2.1328125 3.1869962215423584 1.46630859375 4.6172375679016113 1.06640625
 700 1 1.18113 0.079638799999999996 3.6451568230567069 2.4140625 3.6168820858001709 1.650238037109375 5.2606477737426758 1.20703125
 725 1 0.97934900000000003 0.080988299999999999 4.2170298036767431 2.828125 4.2597994804382324 1.926297664642334 6.2264142036437988 1.40301513671875
 750 1 0.82636600000000004 0.081878999999999993 4.2252291548852909 3.125 4.7318735122680664 2.1207809448242188 6.9495477676391602 1.5380859375
 775 1 0.69020800000000004 0.084204899999999999 4.6926224282739115 3.578125 5.4607830047607422 2.4282941818237305 8.0224723815917969 1.7611083984375
 800 1 0.58621100000000004 0.086252700000000002 5.4016371447784755 4.15625 6.3430929183959961 2.8103647232055664 9.3678627014160156 2.0294189453125
