 150 25 715.13999999999999 0.042149600000000002 21263.528515624999 21263.528515624999 21263.528515624999 21263.528515624999 21263.528515624999 3984.375
 175 25 419.05900000000003 0.045327899999999997 21263.528515624999 21263.528515624999 21263.528515624999 21263.528515624999 21263.528515624999 3984.375
 175 50 419.05900000000003 0.045327899999999997 1419.924205792465 1826 2401.002685546875 1372.843505859375 3028.85986328125 1062.7890625
 200 25 244.21300000000002 0.047925000000000002 568.06207499549828 407 695.77288818359375 222.21792602539062 962.46697998046875 135.13671875
 200 50 244.21300000000002 0.047925000000000002 560.50611991787162 601 828.5831298828125 341.01541137695312 996.37890625 190.16015625
 200 75 244.21300000000002 0.047925000000000002 300.51077105251983 223.5 324.16949462890625 153.110595703125 442.19378662109375 110.876953125
 225 50 156.286 0.050287600000000002 458.56020027131279 333 518.829345703125 203.94827270507812 702.066162109375 133.98046875
 225 75 156.286 0.050287600000000002 871.20059754633121 461 780.7364501953125 235.67724609375 1008.7955932617188 144.0625
 225 100 156.286 0.050287600000000002 276.85630834434261 194.5 357.30990600585938 117.41940307617188 589.61688232421875 79.775390625
 250 100 104.252 0.052616900000000001 655.30178556902229 597 789.7530517578125 429.822509765625 970.040771484375 307.828125
 250 125 104.252 0.052616900000000001 536.59106165013179 513.5 630.16949462890625 407.440185546875 735.66937255859375 324.94921875
 250 50 104.252 0.052616900000000001 89.078133182921633 64.25 121.10491943359375 37.809226989746094 194.79463195800781 25.3486328125
 250 75 104.252 0.052616900000000001 110.37465427045237 72.5 143.01309204101562 41.5423583984375 219.85684204101562 27.470703125
 275 100 71.912500000000009 0.054966599999999997 63.113169338978345 48.75 88.391197204589844 29.686203002929688 147.7740478515625 20.3759765625
 275 125 71.912500000000009 0.054966599999999997 743.33549588674271 624 890.14013671875 308.6484375 996.38433837890625 185.25
 275 150 71.912500000000009 0.054966599999999997 1102.9715113180512 1010 1436.7457275390625 677.36083984375 1787.911376953125 449.765625
 300 100 50.999400000000001 0.057276199999999999 29.926809953770793 21.5 37.611583709716797 13.301681518554688 65.161430358886719 9.154296875
 300 125 50.999400000000001 0.057276199999999999 268.30727909495442 173 290.22952270507812 99.4454345703125 398.93618774414062 63.5234375
 300 150 50.999400000000001 0.057276199999999999 238.59882276848728 161 298.33511352539062 96.77294921875 488.08340454101562 65.40625
 300 175 50.999400000000001 0.057276199999999999 564.81661219146702 478 961.95343017578125 244.48486328125 1449.687744140625 153.109375
 300 50 50.999400000000001 0.057276199999999999 13.970051474745553 11.5 18.559282302856445 7.5093231201171875 29.713319778442383 5.345703125
 325 150 36.971499999999999 0.059031699999999999 135.75690576225625 100.75 182.67514038085938 61.351486206054688 305.39968872070312 42.1103515625
 325 175 36.971499999999999 0.059031699999999999 177.02161552200715 155 281.03866577148438 94.68963623046875 469.845703125 64.1796875
 325 200 36.971499999999999 0.059031699999999999 336.5427906553482 242 411.77352905273438 148.94580078125 667.51904296875 100.203125
 350 100 27.328600000000002 0.0607766 16.857406720796149 13.75 22.628910064697266 8.9088821411132812 37.165901184082031 6.2841796875
 350 150 27.328600000000002 0.0607766 64.184944144893308 46.375 76.321144104003906 30.047229766845703 126.36135864257812 21.19482421875
 350 175 27.328600000000002 0.0607766 107.15222055897516 85 145.30882263183594 53.8409423828125 246.97938537597656 37.51953125
 350 200 27.328600000000002 0.0607766 725.29020796630812 367.5 686.841796875 216.26289367675781 1114.149169921875 144.990234375
 350 225 27.328600000000002 0.0607766 465.04745437133676 266.5 425.84207153320312 174.46771240234375 645.1531982421875 122.83984375
 350 50 27.328600000000002 0.0607766 6.6907109860257599 5.65625 9.0381584167480469 3.7312469482421875 14.45801830291748 2.6513671875
 375 200 20.542899999999999 0.062503100000000006 111.44737659724143 82.75 136.18489074707031 53.405670166015625 225.4749755859375 37.49609375
 375 225 20.542899999999999 0.062503100000000006 1159.5570048447146 463 931.7666015625 259.27886962890625 1404.1954345703125 170.0078125
 375 250 20.542899999999999 0.062503100000000006 466.70751559825851 572 1050.803466796875 337.8095703125 1733.989013671875 223.4375
 400 100 15.669099999999998 0.064208500000000002 6.0845935422673598 5.375 8.5887470245361328 3.5591659545898438 13.557333946228027 2.54052734375
 400 150 15.669099999999998 0.064208500000000002 15.749554803087154 13.1875 21.492918014526367 8.6663703918457031 34.722286224365234 6.130126953125
 400 200 15.669099999999998 0.064208500000000002 90.499523499696267 69.5 118.81133270263672 43.8447265625 205.55635070800781 30.40625
 400 225 15.669099999999998 0.064208500000000002 169.34485451125576 121.75 196.48631286621094 79.705230712890625 311.85897827148438 56.119140625
 400 250 15.669099999999998 0.064208500000000002 440.49047940991511 305 506.8133544921875 196.8426513671875 845.30279541015625 138.203125
 400 275 15.669099999999998 0.064208500000000002 590.08394392685079 481 944.98333740234375 269.00653076171875 1458.6064453125 169.1015625
 400 50 15.669099999999998 0.064208500000000002 4.0629804151351534 3.765625 5.8670167922973633 2.5123319625854492 9.0514698028564453 1.80926513671875
 425 250 12.096499999999999 0.065780099999999994 336.86518789556334 263 483.14913940429688 158.08251953125 797.27117919921875 106.84375
 425 275 12.096499999999999 0.065780099999999994 586.319524367344 388 740.62127685546875 228.125244140625 1176.4197998046875 150.046875
 425 300 12.096499999999999 0.065780099999999994 1287.8940869609376 904 1480.541259765625 578.84912109375 2322.83203125 402.5625
 450 100 9.4401700000000002 0.067454399999999998 3.7548819694994702 3.40625 5.3478264808654785 2.2725658416748047 8.283421516418457 1.6365966796875
 450 150 9.4401700000000002 0.067454399999999998 6.8273121141468422 6.1875 9.763728141784668 4.1126632690429688 15.208804130554199 2.94873046875
 450 200 9.4401700000000002 0.067454399999999998 17.725321476127888 15.5 24.396846771240234 10.30242919921875 37.718948364257812 7.38671875
 450 250 9.4401700000000002 0.067454399999999998 87.712503981863236 73.5 122.13370513916016 47.121826171875 205.28800964355469 33.3046875
 450 275 9.4401700000000002 0.067454399999999998 388.89296343965179 242.5 449.35568237304688 145.760498046875 735.15667724609375 98.515625
 450 300 9.4401700000000002 0.067454399999999998 670.76949556326758 591 1090.4193115234375 344.37725830078125 1791.6234130859375 223.93359375
 450 325 9.4401700000000002 0.067454399999999998 3669.6852779659289 1662 2973.7109375 885.574951171875 4095.0625 545.34375
 450 50 9.4401700000000002 0.067454399999999998 3.1070496540801407 2.8515625 4.4542322158813477 1.9096279144287109 6.8592133522033691 1.3812255859375
 475 300 7.4358699999999995 0.068603300000000006 297.40098393567195 238 425.83828735351562 146.01177978515625 721.39599609375 99.4765625
 475 325 7.4358699999999995 0.068603300000000006 1446.1673859763519 874 1410.50537109375 555.85205078125 2024.362060546875 389.203125
 475 350 7.4358699999999995 0.068603300000000006 1328.4494850911531 1111 1443.136962890625 880.174560546875 1874.0328369140625 711.734375
 500 100 5.9075699999999998 0.069990899999999995 3.5191524991067675 3.265625 5.0879940986633301 2.1869163513183594 7.7739543914794922 1.581787109375
 500 150 5.9075699999999998 0.069990899999999995 4.5626738903196093 4.171875 6.4833440780639648 2.7833719253540039 9.9723730087280273 2.00445556640625
 500 200 5.9075699999999998 0.069990899999999995 8.7843290959573022 7.71875 12.026167869567871 5.1497592926025391 18.55363655090332 3.7086181640625
 500 250 5.9075699999999998 0.069990899999999995 24.021537198001187 20.875 33.023460388183594 13.875045776367188 51.819515228271484 9.9482421875
 500 300 5.9075699999999998 0.069990899999999995 127.41856304082064 105.75 176.5660400390625 68.249542236328125 297.78054809570312 47.91796875
 500 325 5.9075699999999998 0.069990899999999995 400.82457270325602 262 468.77996826171875 161.415283203125 794.141845703125 110.53125
 500 350 5.9075699999999998 0.069990899999999995 924.2682988759002 557 943.31927490234375 351.388671875 1512.00927734375 243.6875
 500 375 5.9075699999999998 0.069990899999999995 5409.3991382896338 2755 4534.0107421875 1598.6617431640625 5975.3388671875 1043.88671875
 500 50 5.9075699999999998 0.069990899999999995 2.7155220073429769 2.546875 3.9579963684082031 1.7055854797363281 6.0584197044372559 1.233642578125
 525 350 4.6910099999999995 0.071370400000000001 358.96518308339319 290 509.63095092773438 180.1702880859375 878.939697265625 124.609375
 525 375 4.6910099999999995 0.071370400000000001 1137.0773711462859 719 1206.2139892578125 449.901611328125 1834.1290283203125 308.9453125
 525 400 4.6910099999999995 0.071370400000000001 1626.2797769809263 1317 1815.7137451171875 975.29058837890625 2457.049072265625 756.24609375
 550 100 3.8167 0.072283399999999998 3.0024185267444512 2.921875 4.540769100189209 1.9684848785400391 6.9504570960998535 1.415283203125
 550 150 3.8167 0.072283399999999998 3.925928573428509 3.703125 5.754878044128418 2.4948177337646484 8.8088674545288086 1.793701171875
 550 200 3.8167 0.072283399999999998 5.578940767127107 5.203125 8.085968017578125 3.4844169616699219 12.377017021179199 2.520263671875
 550 250 3.8167 0.072283399999999998 10.259285933023328 9.28125 14.571600914001465 6.1922206878662109 22.570423126220703 4.4593505859375
 550 300 3.8167 0.072283399999999998 35.661348933369197 30.75 48.767910003662109 20.438690185546875 76.379859924316406 14.654296875
 550 350 3.8167 0.072283399999999998 168.70338099978957 137.5 230.67375183105469 87.80059814453125 391.75814819335938 61.767578125
 550 375 3.8167 0.072283399999999998 667.36166178365329 476 821.31884765625 296.9625244140625 1344.722412109375 206.390625
 550 400 3.8167 0.072283399999999998 1816.140697168144 1395 1867.64501953125 1050.0389404296875 2451.956787109375 790.13671875
 550 425 3.8167 0.072283399999999998 3426.5474596860477 2430 3311.43359375 1738.553466796875 4346.8232421875 1233.984375
 550 50 3.8167 0.072283399999999998 2.6296757137499531 2.609375 4.0343232154846191 1.7474403381347656 6.1673574447631836 1.263916015625
 575 400 3.0730000000000004 0.073995699999999998 620.22670609051727 532 909.46234130859375 337.1920166015625 1556.8671875 236.90625
 575 425 3.0730000000000004 0.073995699999999998 3447.9765589361141 2460 3705.319580078125 1507.77099609375 5017.78466796875 1008.984375
 575 450 3.0730000000000004 0.073995699999999998 3301.3883603847121 2300 3510.16259765625 1486.9842529296875 4911.84814453125 1015.234375
 600 100 2.5301499999999999 0.075429099999999999 2.9120910443634278 2.984375 4.6260018348693848 1.9985694885253906 7.0938324928283691 1.445556640625
 600 150 2.5301499999999999 0.075429099999999999 3.7316408363222857 3.703125 5.754878044128418 2.4948177337646484 8.8088674545288086 1.793701171875
 600 200 2.5301499999999999 0.075429099999999999 4.6133604031836342 4.484375 6.9689874649047852 3.0211505889892578 10.667278289794922 2.172119140625
 600 250 2.5301499999999999 0.075429099999999999 7.3236016205879979 6.78125 10.565499305725098 4.5685691833496094 16.143043518066406 3.28466796875
 600 300 2.5301499999999999 0.075429099999999999 15.027263886597956 13.6875 21.434871673583984 9.0977096557617188 33.263084411621094 6.52294921875
 600 350 2.5301499999999999 0.075429099999999999 54.00402842851441 46.375 74.102912902832031 30.708152770996094 116.97141265869141 21.91943359375
 600 400 2.5301499999999999 0.075429099999999999 258.70127312346978 224.5 367.67864990234375 146.02639770507812 611.30609130859375 103.48046875
 600 425 2.5301499999999999 0.075429099999999999 1038.2417926816956 650 1095.6396484375 415.057373046875 1749.444091796875 291.9921875
 600 450 2.5301499999999999 0.075429099999999999 5565.6813070775916 3444 4610.8740234375 2545.6884765625 5778.65966796875 1950.703125
 600 475 2.5301499999999999 0.075429099999999999 10994.204706017908 10994.204706017908 10994.204706017908 10994.204706017908 10994.204706017908 3984.375
 600 50 2.5301499999999999 0.075429099999999999 2.6342862657288251 2.765625 4.2869229316711426 1.8520774841308594 6.5738654136657715 1.339599609375
 625 450 2.0613600000000001 0.076346600000000001 1383.3489938863004 912 1682.677490234375 545.7861328125 2764.738525390625 366.9375
 625 475 2.0613600000000001 0.076346600000000001 2548.4485653756665 2100 2761.284423828125 1630.499267578125 3624.93701171875 1287.890625
 625 500 2.0613600000000001 0.076346600000000001 3488.9003852862347 2670 3766.20166015625 1932.75146484375 5177.486328125 1460.15625
 650 100 1.71418 0.0775695 2.9371769677488326 3.203125 5.0033841133117676 2.1500468254089355 7.7048697471618652 1.53900146484375
 650 150 1.71418 0.0775695 3.4314333788065747 3.671875 5.7063140869140625 2.4589729309082031 8.7345314025878906 1.778564453125
 650 200 1.71418 0.0775695 4.3905280345656763 4.578125 7.0964322090148926 3.0658683776855469 10.882162094116211 2.217529296875
 650 250 1.71418 0.0775695 6.2075226164775872 6.09375 9.4214725494384766 4.0808486938476562 14.402810096740723 2.95166015625
 650 300 1.71418 0.0775695 9.7750300015607721 9.15625 14.192864418029785 6.1317367553710938 21.764324188232422 4.43505859375
 650 350 1.71418 0.0775695 18.601076495667588 16.8125 26.194648742675781 11.258956909179688 40.217609405517578 8.1435546875
 650 400 1.71418 0.0775695 67.990132438987558 59.5 94.126754760742188 39.54803466796875 147.70112609863281 28.35546875
 650 450 1.71418 0.0775695 421.71745139774515 381 623.98919677734375 248.78713989257812 1029.09765625 177.10546875
 650 475 1.71418 0.0775695 1955.8610111089545 1308 2298.611328125 805.84423828125 3570.846435546875 551.8125
 650 500 1.71418 0.0775695 5019.8517178448046 2882 4352.43505859375 1941.620849609375 6161.759765625 1395.96875
 650 50 1.71418 0.0775695 2.7471930002104599 3.09375 4.8325366973876953 2.0563316345214844 7.4417762756347656 1.474365234375
 650 525 1.71418 0.0775695 4218.105479589377 3306 4505.18505859375 2055.656494140625 5913.826171875 1330.1484375
 675 500 1.40934 0.078337500000000004 2527.2133667638641 1666 2688.675048828125 1063.1630859375 3933.0888671875 741.890625
 675 525 1.40934 0.078337500000000004 4208.3827326855044 3153 4610.88720703125 2077.431396484375 6380.02880859375 1453.3359375
 675 550 1.40934 0.078337500000000004 4259.307116208538 3837 4922.90576171875 3106.672607421875 6371.99462890625 2622.94921875
 700 100 1.18113 0.079638799999999996 2.9088806979851198 3.421875 5.4132771492004395 2.2573013305664062 8.3773632049560547 1.60400390625
 700 150 1.18113 0.079638799999999996 3.3598050948341598 3.859375 6.0746183395385742 2.5555639266967773 9.3917140960693359 1.82415771484375
 700 200 1.18113 0.079638799999999996 4.1395364903854732 4.609375 7.2183647155761719 3.0731511116027832 11.095389366149902 2.1966552734375
 700 250 1.18113 0.079638799999999996 5.3261471615451086 5.671875 8.8144340515136719 3.8071560859680176 13.492063522338867 2.72515869140625
 700 300 1.18113 0.079638799999999996 8.3149717531638228 8.3125 12.918123245239258 5.6001815795898438 19.773492813110352 4.0263671875
 700 350 1.18113 0.079638799999999996 12.040927376196793 11.4375 17.728969573974609 7.6594390869140625 27.186834335327148 5.5400390625
 700 400 1.18113 0.079638799999999996 27.391313106281636 24.875 39.053852081298828 16.595985412597656 60.491775512695312 11.95166015625
 700 450 1.18113 0.079638799999999996 78.787293410940393 72.5 114.11428833007812 48.18878173828125 178.08903503417969 34.55078125
 700 500 1.18113 0.079638799999999996 674.3932354172124 581 970.06964111328125 373.9761962890625 1648.48095703125 265.53515625
 700 50 1.18113 0.079638799999999996 2.7290274416509233 3.234375 5.1295514106750488 2.1255197525024414 7.9603304862976074 1.50347900390625
 700 525 1.18113 0.079638799999999996 1422.3387099643078 989 1627.6358642578125 634.06103515625 2457.653076171875 448.140625
 700 550 1.18113 0.079638799999999996 11942.975725716524 4000 8049.8193359375 3980.95703125 11906.31640625 2781.25
 700 575 1.18113 0.079638799999999996 4282.9852846089107 3628 4683.6796875 2912.76318359375 6047.62353515625 2423.390625
 725 550 0.97934900000000003 0.080988299999999999 1348.0378989444387 1073 1791.5400390625 685.1639404296875 2929.49560546875 482.01171875
 725 575 0.97934900000000003 0.080988299999999999 5028.4547071146035 3864 5358.0009765625 2749.65673828125 7230.61572265625 1962.1875
 725 600 0.97934900000000003 0.080988299999999999 6570.277791180024 4000 6901.83935546875 3985.83984375 8833.82421875 3546.875
 750 100 0.82636600000000004 0.081878999999999993 3.0582249737834868 3.78125 6.042083740234375 2.4659824371337891 9.4948005676269531 1.7281494140625
 750 150 0.82636600000000004 0.081878999999999993 3.5124658480275208 4.28125 6.8410367965698242 2.8027763366699219 10.653785705566406 1.973388671875
 750 200 0.82636600000000004 0.081878999999999993 4.0416469845594758 4.8125 7.6131935119628906 3.1626091003417969 11.836713790893555 2.237060546875
 750 250 0.82636600000000004 0.081878999999999993 4.95557826417122 5.65625 8.9028816223144531 3.7454013824462891 13.764374732971191 2.6734619140625
 750 300 0.82636600000000004 0.081878999999999993 6.7716449337279103 7.34375 11.412628173828125 4.8995685577392578 17.469062805175781 3.5284423828125
 750 350 0.82636600000000004 0.081878999999999993 9.8259289489542638 10.09375 15.646058082580566 6.8002204895019531 23.875192642211914 4.88916015625
 750 400 0.82636600000000004 0.081878999999999993 16.207711692483869 15.6875 24.379316329956055 10.568763732910156 37.316890716552734 7.5986328125
 750 450 0.82636600000000004 0.081878999999999993 36.323006088021572 33.375 52.132820129394531 22.350494384765625 80.280982971191406 16.166015625
 750 500 0.82636600000000004 0.081878999999999993 117.48422743286666 106.5 168.05447387695312 70.78765869140625 261.77578735351562 50.75390625
 750 50 0.82636600000000004 0.081878999999999993 2.9552494675000154 3.6875 5.9216771125793457 2.3956146240234375 9.3115262985229492 1.6708984375
 750 550 0.82636600000000004 0.081878999999999993 984.08584017604994 847 1380.4361572265625 555.223388671875 2267.474365234375 397.03125
 750 575 0.82636600000000004 0.081878999999999993 1863.5489177644095 1425 2413.33935546875 906.280517578125 4048.235107421875 634.5703125
 750 600 0.82636600000000004 0.081878999999999993 13157.07874319588 4000 8049.8193359375 3986.328125 12131.2783203125 3125
 750 625 0.82636600000000004 0.081878999999999993 18733.038473264074 18733.038473264074 18733.038473264074 18733.038473264074 18733.038473264074 3984.375
 775 600 0.69020800000000004 0.084204899999999999 2970.8997211571946 2459 3880.243408203125 1540.47705078125 5439.97412109375 1075.8125
 775 625 0.69020800000000004 0.084204899999999999 8237.8121790653677 4000 7603.3828125 3981.93359375 9990.275390625 2843.75
 775 650 0.69020800000000004 0.084204899999999999 9717.4172217455871 9717.4172217455871 9717.4172217455871 9717.4172217455871 9717.4172217455871 3984.375
 800 100 0.58621100000000004 0.086252700000000002 3.3635211732790857 4.328125 7.0539555549621582 2.7713842391967773 11.204970359802246 1.9273681640625
 800 150 0.58621100000000004 0.086252700000000002 3.6269041124698127 4.59375 7.4136261940002441 2.9531049728393555 11.766753196716309 2.0635986328125
 800 200 0.58621100000000004 0.086252700000000002 4.1620013119147119 5.203125 8.3555870056152344 3.3802528381347656 13.197052001953125 2.357666015625
 800 250 0.58621100000000004 0.086252700000000002 4.8715732628426167 5.921875 9.4626016616821289 3.8768329620361328 14.736441612243652 2.7296142578125
 800 300 0.58621100000000004 0.086252700000000002 6.4242206257042485 7.53125 11.884133338928223 4.9681243896484375 18.425653457641602 3.5302734375
 800 350 0.58621100000000004 0.086252700000000002 8.5209589643831798 9.4375 14.704058647155762 6.2728500366210938 22.57568359375 4.49755859375
 800 400 0.58621100000000004 0.086252700000000002 13.307421651203983 13.6875 21.216636657714844 9.1662139892578125 32.535064697265625 6.6298828125
 800 450 0.58621100000000004 0.086252700000000002 23.304545798933372 22.4375 34.77978515625 15.116279602050781 53.072410583496094 10.8681640625
 800 500 0.58621100000000004 0.086252700000000002 45.068927400445666 41.25 64.269393920898438 27.62420654296875 98.6751708984375 19.98046875
 800 50 0.58621100000000004 0.086252700000000002 3.1289220659406038 4.0625 6.6210412979125977 2.5910091400146484 10.517300605773926 1.793212890625
 800 550 0.58621100000000004 0.086252700000000002 146.7861791953537 131.5 206.97970581054688 87.40447998046875 323.01666259765625 62.66796875
 800 600 0.58621100000000004 0.086252700000000002 969.59946174450693 868 1400.822265625 568.9892578125 2262.0634765625 406.875
 800 625 0.58621100000000004 0.086252700000000002 3910.5242570671312 2971 4865.80517578125 1917.4410400390625 7699.13134765625 1346.234375
 800 650 0.58621100000000004 0.086252700000000002 6860.141981879965 4000 6582.95556640625 3078.125 8937.2119140625 2156.25
 800 675 0.58621100000000004 0.086252700000000002 10654.030807376528 10654.030807376528 10654.030807376528 10654.030807376528 10654.030807376528 3984.375
 150 1 715.13999999999999 0.042149600000000002 21263.528515624999 21263.528515624999 21263.528515624999 21263.528515624999 21263.528515624999 3984.375
 175 1 419.05900000000003 0.045327899999999997 240.92351944830301 156.5 314.94918823242188 87.57275390625 474.63626098632812 56.2421875
 200 1 244.21300000000002 0.047925000000000002 455.02315544451119 263.5 454.65866088867188 148.06596374511719 652.33258056640625 93.666015625
 225 1 156.286 0.050287600000000002 176.37745837807063 82.5 162.08134460449219 47.05078125 242.54647827148438 30.9375
 250 1 104.252 0.052616900000000001 24.387027001802096 19.6875 33.028285980224609 12.621917724609375 55.673294067382812 8.9208984375
 275 1 71.912500000000009 0.054966599999999997 10.838172300706157 9.25 14.780634880065918 6.1019287109375 23.435501098632812 4.3359375
 300 1 50.999400000000001 0.057276199999999999 12.807856684200361 10.3125 16.642833709716797 6.7600250244140625 26.875032424926758 4.833984375
 325 1 36.971499999999999 0.059031699999999999 6.5523978841023069 5.84375 9.3377656936645508 3.8695583343505859 14.805536270141602 2.7620849609375
 350 1 27.328600000000002 0.0607766 5.6395939565700264 4.828125 7.637911319732666 3.1970415115356445 11.985201835632324 2.28204345703125
 375 1 20.542899999999999 0.062503100000000006 4.1227375744670436 3.6875 5.8481841087341309 2.4359016418457031 9.1593732833862305 1.75732421875
 400 1 15.669099999999998 0.064208500000000002 3.7069823837305815 3.359375 5.2474513053894043 2.2412919998168945 8.0807170867919922 1.61407470703125
 425 1 12.096499999999999 0.065780099999999994 3.4133632885831049 3.078125 4.7958602905273438 2.0613517761230469 7.3632612228393555 1.490966796875
 450 1 9.4401700000000002 0.067454399999999998 3.0409458166304173 2.796875 4.3576598167419434 1.8730049133300781 6.7228760719299316 1.354736328125
 475 1 7.4358699999999995 0.068603300000000006 2.7269121751645002 2.578125 4.0065608024597168 1.7265129089355469 6.132756233215332 1.248779296875
 500 1 5.9075699999999998 0.069990899999999995 2.5955180655910595 2.4453125 3.8001623153686523 1.6474218368530273 5.816826343536377 1.1844482421875
 525 1 4.6910099999999995 0.071370400000000001 2.6124506592928478 2.5234375 3.9115145206451416 1.7000551223754883 5.9687981605529785 1.2222900390625
 550 1 3.8167 0.072283399999999998 2.6276215780601979 2.59375 4.0101652145385742 1.7369766235351562 6.1304268836975098 1.25634765625
 575 1 3.0730000000000004 0.073995699999999998 2.6478390912738301 2.703125 4.1900434494018555 1.8211116790771484 6.3938212394714355 1.309326171875
 600 1 2.5301499999999999 0.075429099999999999 2.6282328811644691 2.765625 4.2869229316711426 1.8520774841308594 6.5738654136657715 1.339599609375
 625 1 2.0613600000000001 0.076346600000000001 2.701614377440877 2.953125 4.601104736328125 1.9702520370483398 7.0642457008361816 1.41888427734375
 650 1 1.71418 0.0775695 2.6152857384904604 2.953125 4.636418342590332 1.9628620147705078 7.1814985275268555 1.4073486328125
 675 1 1.40934 0.078337500000000004 2.7387938124523599 3.203125 5.0416874885559082 2.1129989624023438 7.7947425842285156 1.50146484375
 700 1 1.18113 0.079638799999999996 2.7775331803822922 3.328125 5.2782340049743652 2.187129020690918 8.1910648345947266 1.54705810546875
 725 1 0.97934900000000003 0.080988299999999999 2.9269082633838579 3.578125 5.7175087928771973 2.3424663543701172 8.9040765762329102 1.6492919921875
 750 1 0.82636600000000004 0.081878999999999993 2.9960107255127761 3.75 6.0519399642944336 2.43621826171875 9.5218992233276367 1.69921875
 775 1 0.69020800000000004 0.084204899999999999 3.1715904180131358 4.046875 6.5633134841918945 2.6015448570251465 10.376787185668945 1.81793212890625
 800 1 0.58621100000000004 0.086252700000000002 3.2807547199554032 4.265625 6.9520931243896484 2.7205595970153809 11.090189933776855 1.88287353515625
