 150 23 715.13999999999999 0.042149600000000002 296.4103042267638 283 569.52471923828125 144.6436767578125 858.2879638671875 86.2265625
 175 25 419.05900000000003 0.045327899999999997 8.1589216474966797 6.59375 13.269624710083008 3.6566658020019531 19.997653961181641 2.36962890625
 175 48 419.05900000000003 0.045327899999999997 127.95691111755754 69.25 139.36250305175781 36.345260620117188 210.02275085449219 22.4521484375
 200 25 244.21300000000002 0.047925000000000002 2.4522950034602671 1.9375 3.0573289394378662 1.2878036499023438 4.7623529434204102 0.92333984375
 200 50 244.21300000000002 0.047925000000000002 8.6123390462650971 4.390625 7.0858125686645508 2.8670105934143066 11.246454238891602 2.04095458984375
 200 73 244.21300000000002 0.047925000000000002 30.810563295977971 26.75 44.876529693603516 17.081207275390625 75.0751953125 12.0166015625
 225 50 156.286 0.050287600000000002 2.6689965940162184 1.9765625 3.0559391975402832 1.3316221237182617 4.625516414642334 0.9573974609375
 225 75 156.286 0.050287600000000002 4.5806400100365119 3.9375 6.2917566299438477 2.5875892639160156 9.7983722686767578 1.830322265625
 225 98 156.286 0.050287600000000002 16.909567123278023 16.125 28.722888946533203 9.8926048278808594 48.875091552734375 6.73974609375
 250 100 104.252 0.052616900000000001 8.4390841756060233 4.640625 7.1378183364868164 3.1264171600341797 10.706362724304199 2.247802734375
 250 123 104.252 0.052616900000000001 21.508283954078475 15.875 25.366764068603516 10.366130828857422 40.220386505126953 7.37939453125
 250 50 104.252 0.052616900000000001 1.4017343313275337 1.1015625 1.672376275062561 0.74757528305053711 2.4782733917236328 0.54217529296875
 250 75 104.252 0.052616900000000001 3.6929971127651906 2.03125 3.1323943138122559 1.3602828979492188 4.7259163856506348 0.98388671875
 275 100 71.912500000000009 0.054966599999999997 5.7268145674607194 2.2734375 3.4424378871917725 1.5428681373596191 5.0829110145568848 1.11895751953125
 275 125 71.912500000000009 0.054966599999999997 10.609781560052767 5.71875 8.7505092620849609 3.8668928146362305 13.171439170837402 2.7923583984375
 275 148 71.912500000000009 0.054966599999999997 41.395450916882609 28.5 45.994743347167969 18.39349365234375 73.00189208984375 12.9140625
 300 100 50.999400000000001 0.057276199999999999 2.0846491223672561 1.3984375 2.0952165126800537 0.95801162719726562 3.0474302768707275 0.693756103515625
 300 125 50.999400000000001 0.057276199999999999 4.0677955021423129 2.8828125 4.3191890716552734 1.98193359375 6.2995038032531738 1.44140625
 300 150 50.999400000000001 0.057276199999999999 13.845096449307679 6.53125 10.045818328857422 4.4162874221801758 15.068214416503906 3.1890869140625
 300 173 50.999400000000001 0.057276199999999999 32.927698212496651 30.125 48.61724853515625 19.671161651611328 77.835975646972656 14.00341796875
 300 50 50.999400000000001 0.057276199999999999 1.1184069417936517 0.681640625 1.0267058610916138 0.46259534358978271 1.496617317199707 0.3354949951171875
 325 150 36.971499999999999 0.059031699999999999 5.0297408440755333 3.546875 5.314124584197998 2.42462158203125 7.7292366027832031 1.7734375
 325 175 36.971499999999999 0.059031699999999999 9.9348467593188623 8.03125 12.288966178894043 5.4107017517089844 18.308017730712891 3.89013671875
 325 198 36.971499999999999 0.059031699999999999 71.081855398114413 31.625 48.642910003662109 21.227779388427734 72.776237487792969 15.19482421875
 350 100 27.328600000000002 0.0607766 1.3988705213068267 0.87890625 1.3203293085098267 0.59429705142974854 1.9172413349151611 0.4291534423828125
 350 150 27.328600000000002 0.0607766 2.6894508256800367 1.8359375 2.7653393745422363 1.2577247619628906 4.0089917182922363 0.910797119140625
 350 175 27.328600000000002 0.0607766 5.7429334594748527 3.4375 5.1776566505432129 2.3328590393066406 7.6298370361328125 1.69189453125
 350 200 27.328600000000002 0.0607766 24.346986414558611 12.625 19.116769790649414 8.5679550170898438 28.226751327514648 6.2138671875
 350 223 27.328600000000002 0.0607766 76.046039551850455 54.25 83.010292053222656 36.682655334472656 123.66816711425781 26.4892578125
 350 50 27.328600000000002 0.0607766 1.2458144125062787 0.64453125 0.96567237377166748 0.43996810913085938 1.3967742919921875 0.317230224609375
 375 200 20.542899999999999 0.062503100000000006 6.5069757746192556 4.25 6.3337039947509766 2.921875 9.1395702362060547 2.125
 375 225 20.542899999999999 0.062503100000000006 21.054234808391293 12.03125 18.313627243041992 8.1650066375732422 27.092582702636719 5.921630859375
 375 248 20.542899999999999 0.062503100000000006 134.85941493636656 61.5 94.594123840332031 41.584945678710938 141.8863525390625 30.029296875
 400 100 15.669099999999998 0.064208500000000002 1.6501174742163078 0.7890625 1.175926685333252 0.54248046875 1.6873102188110352 0.39453125
 400 150 15.669099999999998 0.064208500000000002 2.4909512583072817 1.20703125 1.7988184690475464 0.82394027709960938 2.5810835361480713 0.594085693359375
 400 200 15.669099999999998 0.064208500000000002 4.7807476675609504 2.8046875 4.2021379470825195 1.9213752746582031 6.0780844688415527 1.391387939453125
 400 225 15.669099999999998 0.064208500000000002 9.2745323544063023 6.09375 9.0328340530395508 4.2043304443359375 13.039536476135254 3.0706787109375
 400 250 15.669099999999998 0.064208500000000002 40.586884661822907 18.5625 27.885354995727539 12.76171875 40.715267181396484 9.28125
 400 273 15.669099999999998 0.064208500000000002 56.020267299477588 53.875 82.865989685058594 36.348526000976562 124.29474639892578 26.5166015625
 400 50 15.669099999999998 0.064208500000000002 1.3639277892350277 0.697265625 1.0280059576034546 0.48107242584228516 1.4674767255783081 0.35135650634765625
 425 250 12.096499999999999 0.065780099999999994 12.595480373677674 7.21875 10.700433731079102 4.962890625 15.446835517883301 3.609375
 425 275 12.096499999999999 0.065780099999999994 36.939694895403996 21.75 32.240268707275391 15.059326171875 46.143871307373047 11.044921875
 425 298 12.096499999999999 0.065780099999999994 127.89984197426119 75.875 113.07524108886719 52.242790222167969 164.08735656738281 38.5302734375
 450 100 9.4401700000000002 0.067454399999999998 1.7282430678618177 0.86328125 1.2727693319320679 0.59772109985351562 1.8115934133529663 0.438385009765625
 450 150 9.4401700000000002 0.067454399999999998 2.2707127388833102 1.09765625 1.6226928234100342 0.754638671875 2.3261597156524658 0.548828125
 450 200 9.4401700000000002 0.067454399999999998 3.1514671116309541 1.6953125 2.5197381973266602 1.1613883972167969 3.6212778091430664 0.841033935546875
 450 250 9.4401700000000002 0.067454399999999998 6.1006775946196639 3.984375 5.9378476142883301 2.7392578125 8.5200815200805664 1.9921875
 450 275 9.4401700000000002 0.067454399999999998 12.958783082392856 8.78125 12.946539878845215 6.079986572265625 18.53489875793457 4.459228515625
 450 300 9.4401700000000002 0.067454399999999998 48.80445434659287 26.625 39.466533660888672 18.36968994140625 56.810649871826172 13.41650390625
 450 323 9.4401700000000002 0.067454399999999998 134.19782526487143 102.75 153.94573974609375 70.8914794921875 223.90951538085938 51.7763671875
 450 50 9.4401700000000002 0.067454399999999998 1.5338543374332692 0.78125 1.1455992460250854 0.540924072265625 1.6212896108627319 0.396728515625
 475 300 7.4358699999999995 0.068603300000000006 14.745963445861516 10.46875 15.517945289611816 7.2228240966796875 22.337520599365234 5.2752685546875
 475 325 7.4358699999999995 0.068603300000000006 83.700746133766955 35.375 53.564807891845703 24.007240295410156 78.66888427734375 17.4111328125
 475 348 7.4358699999999995 0.068603300000000006 162.53767194444646 128.5 194.57464599609375 87.841796875 288.83065795898438 64.25
 500 100 5.9075699999999998 0.069990899999999995 1.8897173072553475 1.0078125 1.469788670539856 0.7027130126953125 2.086536169052124 0.5196533203125
 500 150 5.9075699999999998 0.069990899999999995 2.2853659657773133 1.171875 1.7183988094329834 0.8113861083984375 2.4463491439819336 0.5950927734375
 500 200 5.9075699999999998 0.069990899999999995 3.0448885462948079 1.5078125 2.2230269908905029 1.0439834594726562 3.1733672618865967 0.76568603515625
 500 250 5.9075699999999998 0.069990899999999995 4.310165075240362 2.3046875 3.4346373081207275 1.5788459777832031 4.9282822608947754 1.143341064453125
 500 300 5.9075699999999998 0.069990899999999995 9.6482940625852383 6.015625 8.9649848937988281 4.11224365234375 12.863652229309082 3.0078125
 500 325 5.9075699999999998 0.069990899999999995 20.790565564454752 13.625 19.92494010925293 9.46697998046875 28.325992584228516 6.97216796875
 500 350 5.9075699999999998 0.069990899999999995 86.583950519538803 43.625 64.144149780273438 30.418212890625 91.709968566894531 22.494140625
 500 373 5.9075699999999998 0.069990899999999995 212.17103557730269 118.75 183.12458801269531 79.821395874023438 276.97955322265625 57.9833984375
 500 50 5.9075699999999998 0.069990899999999995 1.7000102414123524 0.92578125 1.3501546382904053 0.64777565002441406 1.9052563905715942 0.4809722900390625
 525 350 4.6910099999999995 0.071370400000000001 26.950130815816841 17.3125 25.662511825561523 11.90234375 37.045658111572266 8.65625
 525 375 4.6910099999999995 0.071370400000000001 70.061314007398465 53.875 79.859512329101562 37.3021240234375 115.61087036132812 27.3583984375
 525 398 4.6910099999999995 0.071370400000000001 373.91326162588365 182.75 273.07772827148438 126.532958984375 400.04415893554688 92.802734375
 550 100 3.8167 0.072283399999999998 2.1172576683447328 1.1953125 1.7432377338409424 0.84085536003112793 2.4599514007568359 0.621002197265625
 550 150 3.8167 0.072283399999999998 2.4575207458232735 1.359375 1.9825055599212646 0.95298957824707031 2.7975916862487793 0.700927734375
 550 200 3.8167 0.072283399999999998 3.0583211775025823 1.6171875 2.3649442195892334 1.1337289810180664 3.3421447277069092 0.8338623046875
 550 250 3.8167 0.072283399999999998 4.3241664755803626 2.15625 3.1618537902832031 1.5012416839599609 4.4747591018676758 1.094970703125
 550 300 3.8167 0.072283399999999998 7.0954470800658989 3.40625 5.0626997947692871 2.3334808349609375 7.2759318351745605 1.6898193359375
 550 350 3.8167 0.072283399999999998 16.204751426019303 8.65625 12.831255912780762 5.951171875 18.470129013061523 4.328125
 550 375 3.8167 0.072283399999999998 27.824084729231991 19.5 28.671884536743164 13.549072265625 40.754310607910156 9.978515625
 550 400 3.8167 0.072283399999999998 155.46035862498405 67.5 101.67034912109375 45.975723266601562 149.41761779785156 33.486328125
 550 423 3.8167 0.072283399999999998 569.75294388473958 304.5 450.14999389648438 212.3173828125 652.73248291015625 157.0078125
 550 50 3.8167 0.072283399999999998 1.9696427185819669 1.140625 1.6589351892471313 0.79810333251953125 2.3445806503295898 0.59259033203125
 575 400 3.0730000000000004 0.073995699999999998 37.463854939193354 24.25 35.656063079833984 16.790283203125 50.681644439697266 12.314453125
 575 425 3.0730000000000004 0.073995699999999998 93.241364233631288 77.25 113.58477020263672 53.86376953125 162.39759826660156 39.83203125
 575 448 3.0730000000000004 0.073995699999999998 399.65085592392933 277.5 416.87197875976562 191.458740234375 612.00830078125 139.833984375
 600 100 2.5301499999999999 0.075429099999999999 2.3219020719756687 1.45703125 2.1249270439147949 1.0194950103759766 3.0165815353393555 0.7569732666015625
 600 150 2.5301499999999999 0.075429099999999999 2.6864884760752297 1.6171875 2.3649442195892334 1.1315574645996094 3.3521161079406738 0.840179443359375
 600 200 2.5301499999999999 0.075429099999999999 3.1818631049340871 1.8046875 2.624753475189209 1.2627525329589844 3.7095763683319092 0.937591552734375
 600 250 2.5301499999999999 0.075429099999999999 4.1304761505697742 2.2109375 3.2244200706481934 1.5499773025512695 4.5501060485839844 1.1400146484375
 600 300 2.5301499999999999 0.075429099999999999 5.8630827607280054 2.9609375 4.3418211936950684 2.0501022338867188 6.162898063659668 1.50360107421875
 600 350 2.5301499999999999 0.075429099999999999 10.21706234133876 4.984375 7.388394832611084 3.4267578125 10.574636459350586 2.4921875
 600 400 2.5301499999999999 0.075429099999999999 19.576228418590674 11.875 17.555110931396484 8.19305419921875 25.020610809326172 5.98388671875
 600 425 2.5301499999999999 0.075429099999999999 52.318071961533697 29.25 43.007827758789062 20.252197265625 61.310909271240234 14.853515625
 600 450 2.5301499999999999 0.075429099999999999 121.63456398656471 96 139.24058532714844 67.40625 197.09251403808594 50.25
 600 473 2.5301499999999999 0.075429099999999999 707.26971965809071 400.5 596.85845947265625 278.277099609375 870.97332763671875 204.943359375
 600 50 2.5301499999999999 0.075429099999999999 1.9171844867268351 1.3671875 1.9993489980697632 0.9532928466796875 2.8507745265960693 0.7049560546875
 625 450 2.0613600000000001 0.076346600000000001 59.363266674106008 33.75 49.624416351318359 23.4503173828125 70.536308288574219 17.2705078125
 625 475 2.0613600000000001 0.076346600000000001 238.16647556641897 121.75 177.55958557128906 85.1893310546875 252.06651306152344 63.2529296875
 625 498 2.0613600000000001 0.076346600000000001 886.06014468263481 427 646.56317138671875 289.78350830078125 949.586181640625 210.1640625
 650 100 1.71418 0.0775695 2.2619708013609703 1.765625 2.6031298637390137 1.2267990112304688 3.71596360206604 0.90350341796875
 650 150 1.71418 0.0775695 2.4972108850447436 1.9296875 2.8296301364898682 1.3455047607421875 4.0283217430114746 0.9949951171875
 650 200 1.71418 0.0775695 3.1394504741707485 2.109375 3.0847098827362061 1.470794677734375 4.3723254203796387 1.087646484375
 650 250 1.71418 0.0775695 4.3818206690683148 2.5 3.6459872722625732 1.749267578125 5.144996166229248 1.298828125
 650 300 1.71418 0.0775695 5.7662894871055466 3.140625 4.555234432220459 2.189849853515625 6.4478511810302734 1.619384765625
 650 350 1.71418 0.0775695 8.0377755495588623 4.109375 6.0258517265319824 2.8552932739257812 8.5785312652587891 2.10284423828125
 650 400 1.71418 0.0775695 13.656811458690564 6.84375 10.090007781982422 4.7217864990234375 14.403469085693359 3.4486083984375
 650 450 1.71418 0.0775695 27.613301914458638 18.3125 26.998834609985352 12.67926025390625 38.316673278808594 9.29931640625
 650 475 1.71418 0.0775695 62.241344235221256 42.125 62.106533050537109 29.1666259765625 89.172515869140625 21.3916015625
 650 500 1.71418 0.0775695 153.67819179993958 129 188.64714050292969 90.26220703125 268.9827880859375 67.01953125
 650 50 1.71418 0.0775695 2.068536756686608 1.6875 2.4879472255706787 1.172515869140625 3.5515403747558594 0.863525390625
 650 523 1.71418 0.0775695 387.14517018888455 350 528.57470703125 240.12298583984375 777.60272216796875 176.3671875
 675 500 1.40934 0.078337500000000004 74.567309438996702 51.5 75.517898559570312 35.65771484375 107.50888824462891 26.15234375
 675 525 1.40934 0.078337500000000004 258.69764865733811 175 255.2191162109375 123.10562133789062 360.14974975585938 90.91796875
 675 548 1.40934 0.078337500000000004 1083.1704453427317 504 771.19244384765625 340.793701171875 1142.96875 246.09375
 700 100 1.18113 0.079638799999999996 2.2933482168523218 2.140625 3.173072338104248 1.4769058227539062 4.5675230026245117 1.07867431640625
 700 150 1.18113 0.079638799999999996 2.3562357233218973 2.2421875 3.3236196041107178 1.5524520874023438 4.7705798149108887 1.13861083984375
 700 200 1.18113 0.079638799999999996 2.9858077009208404 2.5 3.6858477592468262 1.737060546875 5.2615413665771484 1.279296875
 700 250 1.18113 0.079638799999999996 4.023491711991416 2.8671875 4.2043490409851074 1.9991912841796875 5.9854011535644531 1.4783935546875
 700 300 1.18113 0.079638799999999996 5.0838580112666278 3.3125 4.8441371917724609 2.317779541015625 6.8661704063415527 1.720947265625
 700 350 1.18113 0.079638799999999996 7.6066670727516303 4.25 6.1812376976013184 2.9737548828125 8.7359724044799805 2.2080078125
 700 400 1.18113 0.079638799999999996 11.127098565696972 5.6875 8.3399620056152344 3.9735088348388672 11.802988052368164 2.910400390625
 700 450 1.18113 0.079638799999999996 19.348594670275567 9.28125 13.683710098266602 6.426177978515625 19.419885635375977 4.713134765625
 700 500 1.18113 0.079638799999999996 44.27487325319764 24.8125 36.384231567382812 17.17974853515625 51.797367095947266 12.60009765625
 700 50 1.18113 0.079638799999999996 2.0558621674710196 2.0546875 3.0702564716339111 1.4176139831542969 4.4232821464538574 1.035369873046875
 700 525 1.18113 0.079638799999999996 82.580999154093291 61.25 90.059127807617188 42.70751953125 128.01034545898438 31.58203125
 700 550 1.18113 0.079638799999999996 224.42276160693976 189.5 278.63189697265625 132.1318359375 397.21084594726562 97.7109375
 700 573 1.18113 0.079638799999999996 1504.5859635106237 804 1153.32080078125 560.6015625 1612.4178466796875 414.5625
 725 550 0.97934900000000003 0.080988299999999999 128.8952101127048 73 106.46282958984375 50.900390625 150.23388671875 37.640625
 725 575 0.97934900000000003 0.080988299999999999 333.57810029992322 220.75 318.42098999023438 156.35336303710938 446.6038818359375 116.4111328125
 725 598 0.97934900000000003 0.080988299999999999 974.21539235793671 750 1051.9427490234375 549.15618896484375 1455.109130859375 407.2265625
 750 100 0.82636600000000004 0.081878999999999993 2.4649209928801423 2.6015625 3.908174991607666 1.778411865234375 5.6750345230102539 1.30078125
 750 150 0.82636600000000004 0.081878999999999993 2.6834391274934317 2.765625 4.1325883865356445 1.89056396484375 5.987187385559082 1.3828125
 750 200 0.82636600000000004 0.081878999999999993 3.135713381234972 2.984375 4.4356684684753418 2.0590438842773438 6.4110293388366699 1.50384521484375
 750 250 0.82636600000000004 0.081878999999999993 3.5564921961490499 3.25 4.8045568466186523 2.250244140625 6.8874197006225586 1.650390625
 750 300 0.82636600000000004 0.081878999999999993 4.9118933726106695 3.71875 5.4678754806518555 2.5838775634765625 7.8176836967468262 1.9029541015625
 750 350 0.82636600000000004 0.081878999999999993 6.9275363234663674 4.359375 6.3750672340393066 3.039642333984375 9.0361394882202148 2.247802734375
 750 400 0.82636600000000004 0.081878999999999993 10.12279549370662 5.65625 8.2490463256835938 3.9789495468139648 11.640554428100586 2.9385986328125
 750 450 0.82636600000000004 0.081878999999999993 14.762359227155303 7.78125 11.317119598388672 5.42559814453125 15.994537353515625 4.01220703125
 750 500 0.82636600000000004 0.081878999999999993 26.577026765009151 12.90625 19.028188705444336 8.936065673828125 27.16270637512207 6.553955078125
 750 50 0.82636600000000004 0.081878999999999993 2.3802390515771168 2.5234375 3.8008708953857422 1.7287025451660156 5.5404858589172363 1.251861572265625
 750 550 0.82636600000000004 0.081878999999999993 68.279028342247457 35.5 52.339038848876953 24.492919921875 74.496658325195312 17.888671875
 750 575 0.82636600000000004 0.081878999999999993 132.10582316909512 88.75 128.72502136230469 62.218170166015625 182.20793151855469 45.76171875
 750 600 0.82636600000000004 0.081878999999999993 666.46491464210794 298.5 430.57156372070312 211.42231750488281 605.7652587890625 157.412109375
 750 623 0.82636600000000004 0.081878999999999993 798.20341757675601 723 1089.00244140625 496.02548217773438 1600.4287109375 364.32421875
 775 600 0.69020800000000004 0.084204899999999999 142.01020414262879 99.25 145.53692626953125 68.9613037109375 205.9686279296875 50.7880859375
 775 625 0.69020800000000004 0.084204899999999999 453.04420832051562 338.5 488.26959228515625 239.75361633300781 684.82635498046875 178.505859375
 775 648 0.69020800000000004 0.084204899999999999 2302.4952408671402 1243 1802.8756103515625 857.59716796875 2567.382080078125 626.35546875
 800 100 0.58621100000000004 0.086252700000000002 2.9384717120369412 3.203125 4.8629379272460938 2.1738004684448242 7.1491708755493164 1.5765380859375
 800 150 0.58621100000000004 0.086252700000000002 3.0547640492447341 3.28125 4.9684672355651855 2.2268199920654297 7.2578897476196289 1.614990234375
 800 200 0.58621100000000004 0.086252700000000002 3.3033946905425493 3.515625 5.2953310012817383 2.394568920135498 7.7189431190490723 1.74407958984375
 800 250 0.58621100000000004 0.086252700000000002 3.8240777137242983 3.828125 5.7202496528625488 2.61688232421875 8.2873497009277344 1.9140625
 800 300 0.58621100000000004 0.086252700000000002 4.6201436072145716 4.296875 6.3864336013793945 2.9645919799804688 9.1783542633056641 2.16522216796875
 800 350 0.58621100000000004 0.086252700000000002 6.0211878446973612 4.921875 7.2565126419067383 3.4078216552734375 10.418895721435547 2.4993896484375
 800 400 0.58621100000000004 0.086252700000000002 8.6933760575860788 5.984375 8.7752904891967773 4.1953449249267578 12.492690086364746 3.085693359375
 800 450 0.58621100000000004 0.086252700000000002 13.540300497693579 7.625 11.120261192321777 5.33526611328125 15.692238807678223 3.96142578125
 800 500 0.58621100000000004 0.086252700000000002 19.708112494161757 10.28125 15.035104751586914 7.16876220703125 21.311037063598633 5.30126953125
 800 50 0.58621100000000004 0.086252700000000002 2.7642134425641043 3.0625 4.6616506576538086 2.0707950592041016 6.8599581718444824 1.495361328125
 800 550 0.58621100000000004 0.086252700000000002 36.173264161885633 17.5625 25.823076248168945 12.15997314453125 36.705005645751953 8.91845703125
 800 600 0.58621100000000004 0.086252700000000002 81.154387033530838 51 74.581428527832031 35.630584716796875 105.08418273925781 26.09765625
 800 625 0.58621100000000004 0.086252700000000002 181.77372421473058 117.5 171.82975769042969 81.9287109375 243.55470275878906 60.5859375
 800 650 0.58621100000000004 0.086252700000000002 595.45485570019571 464 661.8990478515625 330.88037109375 913.53546142578125 248.3125
 800 673 0.58621100000000004 0.086252700000000002 1675.6550973319447 1413 2049.447509765625 978.3369140625 2830.72802734375 717.5390625
 150 1 715.13999999999999 0.042149600000000002 151.33562260623546 163 328.0301513671875 68.447265625 494.34957885742188 36.9296875
 175 1 419.05900000000003 0.045327899999999997 3.2867097819162288 3.03125 4.9403152465820312 1.9640035629272461 8.0146055221557617 1.3853759765625
 200 1 244.21300000000002 0.047925000000000002 2.9201507915189064 1.78125 2.7610690593719482 1.1928634643554688 4.1925234794616699 0.86279296875
 225 1 156.286 0.050287600000000002 1.5967384274949028 1.1328125 1.7243350744247437 0.7687830924987793 2.5643653869628906 0.55755615234375
 250 1 104.252 0.052616900000000001 1.1133416643592964 0.79296875 1.2038737535476685 0.54129409790039062 1.7698558568954468 0.390289306640625
 275 1 71.912500000000009 0.054966599999999997 0.95348007501332299 0.6484375 0.97410964965820312 0.44263458251953125 1.4183952808380127 0.31915283203125
 300 1 50.999400000000001 0.057276199999999999 0.97230479618560917 0.63671875 0.95396727323532104 0.43463516235351562 1.3798437118530273 0.313385009765625
 325 1 36.971499999999999 0.059031699999999999 1.0419214149947589 0.572265625 0.85740005970001221 0.38836801052093506 1.2401663064956665 0.2816619873046875
 350 1 27.328600000000002 0.0607766 1.1410463173238397 0.580078125 0.86448073387145996 0.39597129821777344 1.2439371347427368 0.2855072021484375
 375 1 20.542899999999999 0.062503100000000006 1.2044495577756564 0.603515625 0.89700359106063843 0.4149169921875 1.2891415357589722 0.3017578125
 400 1 15.669099999999998 0.064208500000000002 1.3087681988473412 0.6328125 0.9329802393913269 0.43660354614257812 1.3318276405334473 0.318878173828125
 425 1 12.096499999999999 0.065780099999999994 1.3211987179102496 0.65234375 0.96177589893341064 0.45167160034179688 1.3649498224258423 0.331268310546875
 450 1 9.4401700000000002 0.067454399999999998 1.410697477129037 0.73046875 1.0682235956192017 0.50754737854003906 1.5141201019287109 0.3737945556640625
 475 1 7.4358699999999995 0.068603300000000006 1.4826722071614065 0.79296875 1.1564615964889526 0.55591058731079102 1.631928563117981 0.40887451171875
 500 1 5.9075699999999998 0.069990899999999995 1.5544923440972016 0.859375 1.2498825788497925 0.60453653335571289 1.7558137178421021 0.44647216796875
 525 1 4.6910099999999995 0.071370400000000001 1.6735474485363055 0.953125 1.3862334489822388 0.6704859733581543 1.9591702222824097 0.49517822265625
 550 1 3.8167 0.072283399999999998 1.6972160908561664 1.04296875 1.5210603475570679 0.73368752002716064 2.146428108215332 0.5418548583984375
 575 1 3.0730000000000004 0.073995699999999998 1.7787259296957261 1.1640625 1.6976628303527832 0.81606578826904297 2.3956389427185059 0.6002197265625
 600 1 2.5301499999999999 0.075429099999999999 1.7377677653003796 1.27734375 1.8679631948471069 0.89064788818359375 2.6476857662200928 0.65863037109375
 625 1 2.0613600000000001 0.076346600000000001 1.6246834772764016 1.390625 2.0447096824645996 0.969635009765625 2.9148883819580078 0.717041015625
 650 1 1.71418 0.0775695 1.6569238496833434 1.51171875 2.2287859916687012 1.0466880798339844 3.2000892162322998 0.767669677734375
 675 1 1.40934 0.078337500000000004 1.6839963388404535 1.671875 2.4782390594482422 1.1534957885742188 3.5673353672027588 0.84246826171875
 700 1 1.18113 0.079638799999999996 1.7602163701835494 1.8359375 2.7360670566558838 1.26220703125 3.970400333404541 0.91796875
 725 1 0.97934900000000003 0.080988299999999999 1.9272134382815493 2.0703125 3.1018567085266113 1.4182853698730469 4.5115585327148438 1.027069091796875
 750 1 0.82636600000000004 0.081878999999999993 1.9831425198342025 2.2265625 3.3625845909118652 1.5110564231872559 4.9201774597167969 1.09588623046875
 775 1 0.69020800000000004 0.084204899999999999 2.1535384553422321 2.46875 3.7578611373901367 1.6693143844604492 5.5299663543701172 1.2054443359375
 800 1 0.58621100000000004 0.086252700000000002 2.333387020706009 2.7265625 4.172032356262207 1.8369016647338867 6.1832852363586426 1.3206787109375
