 150 25 715.13999999999999 0.042149600000000002 324.70807081308192 296 595.6866455078125 152.89599609375 897.714599609375 90.1875
 175 25 419.05900000000003 0.045327899999999997 7.7094383262995718 6.84375 13.718178749084473 3.8138952255249023 20.75543212890625 2.4862060546875
 175 50 419.05900000000003 0.045327899999999997 111.07490890292804 72.5 145.90298461914062 38.050994873046875 219.87942504882812 23.505859375
 200 25 244.21300000000002 0.047925000000000002 2.3506215617707378 2.0078125 3.1602771282196045 1.334538459777832 4.8859729766845703 0.95684814453125
 200 50 244.21300000000002 0.047925000000000002 8.7338732144726094 4.5625 7.2904481887817383 2.9907989501953125 11.559402465820312 2.138671875
 200 75 244.21300000000002 0.047925000000000002 32.002241597445263 27.125 45.073154449462891 17.39019775390625 74.591987609863281 12.291015625
 225 50 156.286 0.050287600000000002 2.6144183542470181 2.0234375 3.1122810840606689 1.36820387840271 4.6920180320739746 0.988006591796875
 225 75 156.286 0.050287600000000002 4.469352858795764 4.125 6.5420365333557129 2.72113037109375 10.152305603027344 1.93359375
 225 100 156.286 0.050287600000000002 16.154213245684925 16.375 28.776575088500977 10.088455200195312 49.629783630371094 6.908203125
 250 100 104.252 0.052616900000000001 8.4702255805788909 4.796875 7.3399081230163574 3.2435412406921387 10.963252067565918 2.34222412109375
 250 125 104.252 0.052616900000000001 21.183655196000252 16.375 26.165718078613281 10.80206298828125 41.11798095703125 7.67578125
 250 50 104.252 0.052616900000000001 1.3545161558649006 1.125 1.7034745216369629 0.77069091796875 2.5152549743652344 0.55810546875
 250 75 104.252 0.052616900000000001 3.6965641485201668 2.09375 3.2204298973083496 1.4157476425170898 4.8550610542297363 1.0223388671875
 275 100 71.912500000000009 0.054966599999999997 5.7655287332517329 2.3359375 3.5184531211853027 1.596832275390625 5.1848211288452148 1.16796875
 275 125 71.912500000000009 0.054966599999999997 11.185226729530049 5.875 8.9895944595336914 3.9870681762695312 13.46197509765625 2.8916015625
 275 150 71.912500000000009 0.054966599999999997 40.832047634383237 29 46.801666259765625 18.789642333984375 73.312713623046875 13.25390625
 300 100 50.999400000000001 0.057276199999999999 2.104834839133884 1.44140625 2.1481037139892578 0.99448585510253906 3.0997257232666016 0.7263336181640625
 300 125 50.999400000000001 0.057276199999999999 4.0642197604899808 2.953125 4.4009928703308105 2.0260376930236816 6.3864312171936035 1.48809814453125
 300 150 50.999400000000001 0.057276199999999999 14.146883513835631 6.71875 10.28065299987793 4.5596790313720703 15.395343780517578 3.306884765625
 300 175 50.999400000000001 0.057276199999999999 31.49750930356009 31.375 50.634563446044922 20.631973266601562 80.366119384765625 14.70703125
 300 50 50.999400000000001 0.057276199999999999 1.1353730362704453 0.70703125 1.0536768436431885 0.486083984375 1.5290265083312988 0.353515625
 325 150 36.971499999999999 0.059031699999999999 5.0445979756436143 3.640625 5.4255623817443848 2.4977078437805176 7.8732190132141113 1.83453369140625
 325 175 36.971499999999999 0.059031699999999999 9.5010993325605995 8.3125 12.653051376342773 5.6412773132324219 18.817136764526367 4.09130859375
 325 200 36.971499999999999 0.059031699999999999 73.772632947378085 32.375 49.538402557373047 21.891262054443359 73.419868469238281 15.80810546875
 350 100 27.328600000000002 0.0607766 1.41862005035989 0.9140625 1.362212061882019 0.624847412109375 1.9656796455383301 0.45703125
 350 150 27.328600000000002 0.0607766 2.6656123767777435 1.8984375 2.829209566116333 1.30517578125 4.0825653076171875 0.94921875
 350 175 27.328600000000002 0.0607766 6.2282837945707126 3.53125 5.3047900199890137 2.4139404296875 7.7454967498779297 1.765625
 350 200 27.328600000000002 0.0607766 24.625133243933568 13.0625 19.67509651184082 8.8971538543701172 28.836771011352539 6.480224609375
 350 225 27.328600000000002 0.0607766 80.815921994781945 53.25 80.418869018554688 36.269737243652344 118.30670166015625 26.4169921875
 350 50 27.328600000000002 0.0607766 1.3033921443608998 0.671875 0.99592781066894531 0.4619140625 1.4295116662979126 0.3359375
 375 200 20.542899999999999 0.062503100000000006 6.6442598877775128 4.34375 6.4387893676757812 3.007537841796875 9.2684040069580078 2.205810546875
 375 225 20.542899999999999 0.062503100000000006 23.036466238338964 12.34375 18.641696929931641 8.407597541809082 27.498186111450195 6.1236572265625
 375 250 20.542899999999999 0.062503100000000006 122.94268159424661 61.75 94.486373901367188 41.906631469726562 140.76515197753906 30.392578125
 400 100 15.669099999999998 0.064208500000000002 1.6864118771342371 0.81640625 1.2036596536636353 0.56526565551757812 1.7182221412658691 0.414581298828125
 400 150 15.669099999999998 0.064208500000000002 2.5866498654016628 1.25 1.8479064702987671 0.8624267578125 2.6337485313415527 0.6298828125
 400 200 15.669099999999998 0.064208500000000002 4.97775128040767 2.890625 4.296328067779541 1.9943618774414062 6.1745290756225586 1.45660400390625
 400 225 15.669099999999998 0.064208500000000002 9.4730629827608777 6.21875 9.1933345794677734 4.305755615234375 13.216770172119141 3.157958984375
 400 250 15.669099999999998 0.064208500000000002 38.850747244963998 19 28.31538200378418 13.10888671875 41.204502105712891 9.57421875
 400 275 15.669099999999998 0.064208500000000002 53.285719223951126 53.5 82.502449035644531 36.09552001953125 124.16014862060547 26.33203125
 400 50 15.669099999999998 0.064208500000000002 1.4009052016235832 0.716796875 1.0510872602462769 0.49804782867431641 1.4875330924987793 0.36679840087890625
 425 250 12.096499999999999 0.065780099999999994 13.235741581237489 7.40625 10.919323921203613 5.127960205078125 15.677956581115723 3.760986328125
 425 275 12.096499999999999 0.065780099999999994 39.535149851971497 22.125 32.6197509765625 15.361507415771484 46.835414886474609 11.2353515625
 425 300 12.096499999999999 0.065780099999999994 129.20779721421127 75.5 112.51638793945312 52.090576171875 163.27638244628906 38.044921875
 450 100 9.4401700000000002 0.067454399999999998 1.7320302418963736 0.8828125 1.2945271730422974 0.6155548095703125 1.8320572376251221 0.4552001953125
 450 150 9.4401700000000002 0.067454399999999998 2.2914762820166357 1.12890625 1.6598907709121704 0.78163528442382812 2.3593742847442627 0.573272705078125
 450 200 9.4401700000000002 0.067454399999999998 3.2986475719338979 1.7578125 2.5916116237640381 1.2127876281738281 3.6995213031768799 0.885772705078125
 450 250 9.4401700000000002 0.067454399999999998 6.1072453554254391 4.109375 6.0586123466491699 2.8452606201171875 8.6738052368164062 2.0867919921875
 450 275 9.4401700000000002 0.067454399999999998 12.822156730546235 8.9375 13.141280174255371 6.209991455078125 18.733888626098633 4.573486328125
 450 300 9.4401700000000002 0.067454399999999998 51.753492660219109 27.375 40.360031127929688 18.9539794921875 57.948902130126953 13.9013671875
 450 325 9.4401700000000002 0.067454399999999998 132.0467461520189 103 153.49917602539062 71.3154296875 223.99563598632812 52.3046875
 450 50 9.4401700000000002 0.067454399999999998 1.5300628071550246 0.79296875 1.1596224308013916 0.55591058731079102 1.6387810707092285 0.40887451171875
 475 300 7.4358699999999995 0.068603300000000006 14.548418517247713 10.71875 15.803071975708008 7.421478271484375 22.624448776245117 5.443115234375
 475 325 7.4358699999999995 0.068603300000000006 90.925744154587619 36.25 54.600746154785156 24.7802734375 79.808181762695312 18.125
 475 350 7.4358699999999995 0.068603300000000006 161.94841534649873 129.5 195.05645751953125 88.525390625 288.9893798828125 64.75
 500 100 5.9075699999999998 0.069990899999999995 1.8832282562029863 1.01953125 1.4828152656555176 0.71337318420410156 2.0956697463989258 0.5296783447265625
 500 150 5.9075699999999998 0.069990899999999995 2.2774006719385147 1.19140625 1.7422897815704346 0.8352351188659668 2.4695541858673096 0.61431884765625
 500 200 5.9075699999999998 0.069990899999999995 3.0546382152010905 1.54296875 2.2625584602355957 1.0720920562744141 3.2020468711853027 0.7895660400390625
 500 250 5.9075699999999998 0.069990899999999995 4.4934819529183123 2.3828125 3.5320696830749512 1.6440010070800781 5.0262598991394043 1.200714111328125
 500 300 5.9075699999999998 0.069990899999999995 9.8465331025397731 6.21875 9.1685466766357422 4.2905731201171875 13.126137733459473 3.1336669921875
 500 325 5.9075699999999998 0.069990899999999995 21.418670944805694 13.75 20.05293083190918 9.639434814453125 28.467470169067383 7.08984375
 500 350 5.9075699999999998 0.069990899999999995 86.690699630561227 44 64.520149230957031 30.6796875 92.122871398925781 22.6875
 500 375 5.9075699999999998 0.069990899999999995 211.87362312114934 120.75 186.20880126953125 81.467926025390625 280.93753051757812 59.431640625
 500 50 5.9075699999999998 0.069990899999999995 1.6984944076522535 0.93359375 1.3615484237670898 0.656746506690979 1.9213346242904663 0.4850311279296875
 525 350 4.6910099999999995 0.071370400000000001 28.159480462965451 17.6875 26.147876739501953 12.24652099609375 37.48345947265625 8.98193359375
 525 375 4.6910099999999995 0.071370400000000001 68.479191227944597 54.875 81.123092651367188 38.12847900390625 116.96131134033203 28.08056640625
 525 400 4.6910099999999995 0.071370400000000001 388.41534499961278 181 270.46273803710938 125.3212890625 395.119873046875 91.9140625
 550 100 3.8167 0.072283399999999998 2.1086423715802098 1.203125 1.7450399398803711 0.84183502197265625 2.4700722694396973 0.62506103515625
 550 150 3.8167 0.072283399999999998 2.4487630371391145 1.3671875 1.9884496927261353 0.95663070678710938 2.8102850914001465 0.710296630859375
 550 200 3.8167 0.072283399999999998 3.0400074884019865 1.640625 2.3861396312713623 1.1541152000427246 3.3621752262115479 0.85235595703125
 550 250 3.8167 0.072283399999999998 4.3074940749415456 2.1953125 3.2016324996948242 1.5390233993530273 4.5179500579833984 1.1319580078125
 550 300 3.8167 0.072283399999999998 7.2683015464363665 3.515625 5.1832232475280762 2.4341583251953125 7.3990426063537598 1.7852783203125
 550 350 3.8167 0.072283399999999998 16.914739128895899 8.9375 13.176905632019043 6.18817138671875 18.755319595336914 4.53857421875
 550 375 3.8167 0.072283399999999998 27.437005296078674 19.875 29.064821243286133 13.858154296875 41.197021484375 10.248046875
 550 400 3.8167 0.072283399999999998 168.23775301204881 69.5 104.12874603271484 47.681564331054688 152.28976440429688 35.021484375
 550 425 3.8167 0.072283399999999998 561.76951339274717 304 450.62258911132812 211.96875 654.20721435546875 156.75
 550 50 3.8167 0.072283399999999998 1.973787018603373 1.140625 1.6634817123413086 0.80238485336303711 2.3474044799804688 0.59259033203125
 575 400 3.0730000000000004 0.073995699999999998 38.303820667963372 24.75 36.292583465576172 17.25732421875 51.362453460693359 12.76171875
 575 425 3.0730000000000004 0.073995699999999998 91.583455813497181 78.25 114.74321746826172 54.857147216796875 163.8321533203125 40.34765625
 575 450 3.0730000000000004 0.073995699999999998 433.70092837448362 274.5 413.45944213867188 188.32502746582031 609.27716064453125 138.322265625
 600 100 2.5301499999999999 0.075429099999999999 2.3562621609960042 1.45703125 2.1249270439147949 1.021451473236084 3.0075747966766357 0.75128173828125
 600 150 2.5301499999999999 0.075429099999999999 2.727689952503026 1.6171875 2.3649442195892334 1.1376278400421143 3.3521161079406738 0.840179443359375
 600 200 2.5301499999999999 0.075429099999999999 3.1781774166530408 1.8046875 2.6319470405578613 1.2671585083007812 3.7140440940856934 0.94464111328125
 600 250 2.5301499999999999 0.075429099999999999 4.1055414807841277 2.234375 3.240788459777832 1.5634078979492188 4.5872769355773926 1.16082763671875
 600 300 2.5301499999999999 0.075429099999999999 5.832121675663247 3.015625 4.3979721069335938 2.102691650390625 6.2247929573059082 1.554931640625
 600 350 2.5301499999999999 0.075429099999999999 10.48836078036957 5.140625 7.5790243148803711 3.5592803955078125 10.756131172180176 2.6104736328125
 600 400 2.5301499999999999 0.075429099999999999 20.020963359452139 12.25 17.962995529174805 8.481689453125 25.421819686889648 6.220703125
 600 425 2.5301499999999999 0.075429099999999999 55.277943366473494 29.875 43.688632965087891 20.75787353515625 61.925083160400391 15.28759765625
 600 450 2.5301499999999999 0.075429099999999999 119.88923932165699 97 140.69100952148438 68.1083984375 198.54293823242188 50.7734375
 600 475 2.5301499999999999 0.075429099999999999 680.21162325820819 396 593.30914306640625 274.18359375 865.33673095703125 201.09375
 600 50 2.5301499999999999 0.075429099999999999 1.942445566120321 1.36328125 1.9990706443786621 0.95056915283203125 2.8459196090698242 0.70294189453125
 625 450 2.0613600000000001 0.076346600000000001 61.911869648502908 34.375 50.406364440917969 23.968505859375 71.336738586425781 17.724609375
 625 475 2.0613600000000001 0.076346600000000001 253.71515241858097 122.5 178.65338134765625 86.173934936523438 253.61927795410156 63.642578125
 625 500 2.0613600000000001 0.076346600000000001 889.74976289851202 421 639.1561279296875 285.71160888671875 937.14111328125 207.2109375
 650 100 1.71418 0.0775695 2.2660183510001373 1.7578125 2.5916116237640381 1.2213706970214844 3.6995213031768799 0.899505615234375
 650 150 1.71418 0.0775695 2.4993286299535011 1.921875 2.8181741237640381 1.340057373046875 4.0120124816894531 0.990966796875
 650 200 1.71418 0.0775695 3.180655969269691 2.1015625 3.0816619396209717 1.4653472900390625 4.3741941452026367 1.0836181640625
 650 250 1.71418 0.0775695 4.3638471254970632 2.5 3.6459872722625732 1.749267578125 5.144996166229248 1.298828125
 650 300 1.71418 0.0775695 5.7148954904793534 3.140625 4.5802717208862305 2.2051849365234375 6.4634017944335938 1.6439208984375
 650 350 1.71418 0.0775695 7.994128381718884 4.171875 6.1008706092834473 2.9246921539306641 8.6474876403808594 2.151123046875
 650 400 1.71418 0.0775695 14.029312115071022 7.03125 10.282365798950195 4.868316650390625 14.574417114257812 3.570556640625
 650 450 1.71418 0.0775695 27.620409496741235 18.8125 27.586029052734375 13.143144607543945 39.040653228759766 9.626708984375
 650 475 1.71418 0.0775695 62.02368682103117 43.25 63.420372009277344 30.0511474609375 90.552597045898438 22.1318359375
 650 500 1.71418 0.0775695 151.9224248782001 129.875 189.92672729492188 90.87445068359375 270.0064697265625 67.47412109375
 650 50 1.71418 0.0775695 2.0551128609071165 1.6796875 2.4764289855957031 1.1670875549316406 3.5350980758666992 0.859527587890625
 650 525 1.71418 0.0775695 366.85693902025093 348.5 524.9202880859375 239.59375 773.52679443359375 174.25
 675 500 1.40934 0.078337500000000004 74.824270985144011 52.5 76.775001525878906 36.6064453125 108.82231903076172 27.0703125
 675 525 1.40934 0.078337500000000004 277.14676862251162 175.5 255.94830322265625 123.22705078125 363.34844970703125 91.86328125
 675 550 1.40934 0.078337500000000004 1075.6648622694179 494 757.860107421875 332.810791015625 1127.113525390625 239.28125
 700 100 1.18113 0.079638799999999996 2.251316356688108 2.125 3.1583817005157471 1.46612548828125 4.5520176887512207 1.07080078125
 700 150 1.18113 0.079638799999999996 2.3049253682255011 2.2265625 3.3004584312438965 1.5416336059570312 4.7508907318115234 1.13067626953125
 700 200 1.18113 0.079638799999999996 2.9616712008888979 2.484375 3.662811279296875 1.7262039184570312 5.2438592910766602 1.27130126953125
 700 250 1.18113 0.079638799999999996 4.0556459802602669 2.859375 4.1928930282592773 1.993743896484375 5.9690918922424316 1.474365234375
 700 300 1.18113 0.079638799999999996 5.1498773306129912 3.3125 4.8309330940246582 2.3222274780273438 6.8580722808837891 1.7080078125
 700 350 1.18113 0.079638799999999996 7.5574512289948714 4.265625 6.1869597434997559 2.9951019287109375 8.7310285568237305 2.2327880859375
 700 400 1.18113 0.079638799999999996 11.06560845498641 5.765625 8.4085578918457031 4.0419902801513672 11.901288032531738 2.972900390625
 700 450 1.18113 0.079638799999999996 19.328080707227013 9.5 13.892619132995605 6.600830078125 19.691658020019531 4.861328125
 700 500 1.18113 0.079638799999999996 45.729633427734214 25.375 37.107917785644531 17.693115234375 52.284534454345703 13.083984375
 700 50 1.18113 0.079638799999999996 1.999794275843946 2.046875 3.0504236221313477 1.4072265625 4.4017786979675293 1.0234375
 700 525 1.18113 0.079638799999999996 81.382396035229888 62.5 91.398811340332031 43.5791015625 129.55038452148438 32.2265625
 700 550 1.18113 0.079638799999999996 217.0221768671459 191 280.07611083984375 133.9005126953125 398.72232055664062 98.484375
 700 575 1.18113 0.079638799999999996 1524.0316652102783 787 1135.208740234375 546.82666015625 1592.1959228515625 402.72265625
 725 550 0.97934900000000003 0.080988299999999999 134.77108291321321 74.25 107.98986053466797 52.231956481933594 151.70230102539062 38.5751953125
 725 575 0.97934900000000003 0.080988299999999999 346.03052226645872 220.5 318.06039428710938 156.17628479003906 446.09811401367188 116.279296875
 725 600 0.97934900000000003 0.080988299999999999 955.79347851358966 744 1046.4927978515625 539.654296875 1454.9600830078125 395.25
 750 100 0.82636600000000004 0.081878999999999993 2.3975389716420192 2.578125 3.8729660511016846 1.7661666870117188 5.6548981666564941 1.27899169921875
 750 150 0.82636600000000004 0.081878999999999993 2.6161959324943052 2.7421875 4.108497142791748 1.874542236328125 5.9426398277282715 1.37109375
 750 200 0.82636600000000004 0.081878999999999993 3.0655469993265179 2.9609375 4.4126358032226562 2.0428733825683594 6.3674583435058594 1.492034912109375
 750 250 0.82636600000000004 0.081878999999999993 3.5067553756379151 3.234375 4.7814579010009766 2.2269887924194336 6.8740487098693848 1.6424560546875
 750 300 0.82636600000000004 0.081878999999999993 4.950810742015868 3.703125 5.4596619606018066 2.5730209350585938 7.7936582565307617 1.89495849609375
 750 350 0.82636600000000004 0.081878999999999993 7.0208355330104055 4.359375 6.3750672340393066 3.039642333984375 9.0361394882202148 2.247802734375
 750 400 0.82636600000000004 0.081878999999999993 10.05232768342349 5.671875 8.2492256164550781 3.9899411201477051 11.658668518066406 2.94671630859375
 750 450 0.82636600000000004 0.081878999999999993 14.659582496903047 7.84375 11.376753807067871 5.4883270263671875 16.006128311157227 4.0750732421875
 750 500 0.82636600000000004 0.081878999999999993 26.668582135905218 13.1875 19.337715148925781 9.162994384765625 27.448474884033203 6.748291015625
 750 50 0.82636600000000004 0.081878999999999993 2.3115553210975621 2.5 3.7655684947967529 1.7028045654296875 5.5040125846862793 1.240234375
 750 550 0.82636600000000004 0.081878999999999993 70.901173071655592 36.375 53.339099884033203 25.412990570068359 75.48724365234375 18.61376953125
 750 575 0.82636600000000004 0.081878999999999993 131.51756909770597 89.75 130.17544555664062 63.135597229003906 183.14581298828125 46.6279296875
 750 600 0.82636600000000004 0.081878999999999993 590.87568173485113 299.5 432.01400756835938 212.13059997558594 605.92462158203125 157.939453125
 750 625 0.82636600000000004 0.081878999999999993 777.44431623795765 705 1067.5106201171875 481.93359375 1576.2264404296875 352.5
 775 600 0.69020800000000004 0.084204899999999999 141.88452095409983 101.25 147.66249084472656 70.981292724609375 208.37236022949219 52.20703125
 775 625 0.69020800000000004 0.084204899999999999 467.10205761816093 337 486.10589599609375 238.69119262695312 681.79168701171875 177.71484375
 775 650 0.69020800000000004 0.084204899999999999 2469.5573879206863 1213 1769.0330810546875 833.9375 2511.3486328125 606.5
 800 100 0.58621100000000004 0.086252700000000002 2.8409751750148478 3.171875 4.8154950141906738 2.144752025604248 7.0982894897460938 1.54876708984375
 800 150 0.58621100000000004 0.086252700000000002 2.9554856594726773 3.25 4.9211483001708984 2.2056121826171875 7.2275295257568359 1.599609375
 800 200 0.58621100000000004 0.086252700000000002 3.1968729266909857 3.484375 5.2482614517211914 2.3784942626953125 7.6712179183959961 1.7149658203125
 800 250 0.58621100000000004 0.086252700000000002 3.7289008923701905 3.796875 5.6886882781982422 2.59552001953125 8.2511491775512695 1.8984375
 800 300 0.58621100000000004 0.086252700000000002 4.5413618882477529 4.265625 6.3569893836975098 2.9430313110351562 9.1473350524902344 2.14947509765625
 800 350 0.58621100000000004 0.086252700000000002 6.0030775265355727 4.890625 7.2494282722473145 3.3861846923828125 10.375741004943848 2.4835205078125
 800 400 0.58621100000000004 0.086252700000000002 8.8271334964465762 5.96875 8.7523784637451172 4.16180419921875 12.46007251739502 3.07763671875
 800 450 0.58621100000000004 0.086252700000000002 13.49264478425755 7.625 11.120261192321777 5.33526611328125 15.692238807678223 3.96142578125
 800 500 0.58621100000000004 0.086252700000000002 19.575799971918201 10.375 15.130846977233887 7.25946044921875 21.351734161376953 5.39013671875
 800 50 0.58621100000000004 0.086252700000000002 2.6748154958364689 3.03125 4.6140828132629395 2.0496644973754883 6.8259234428405762 1.4801025390625
 800 550 0.58621100000000004 0.086252700000000002 36.324344423110844 17.9375 26.23145866394043 12.463409423828125 37.180957794189453 9.178955078125
 800 600 0.58621100000000004 0.086252700000000002 82.027566492891523 52.25 75.784591674804688 36.629852294921875 106.62248992919922 26.94140625
 800 625 0.58621100000000004 0.086252700000000002 184.86739333183147 119.75 174.64279174804688 83.7899169921875 246.44532775878906 62.2138671875
 800 650 0.58621100000000004 0.086252700000000002 586.18455550949102 461.5 658.332763671875 329.09759521484375 911.52362060546875 246.974609375
 800 675 0.58621100000000004 0.086252700000000002 1655.5351201692561 1376 2012.2362060546875 944.0263671875 2801.275390625 693.375
 150 1 715.13999999999999 0.042149600000000002 153.80404495385122 163.5 329.036376953125 68.6572265625 495.86599731445312 37.04296875
 175 1 419.05900000000003 0.045327899999999997 3.0348262526087422 3.140625 5.1185741424560547 2.0428247451782227 8.269169807434082 1.4476318359375
 200 1 244.21300000000002 0.047925000000000002 3.0707965994594266 1.8203125 2.8143630027770996 1.2263555526733398 4.2811203002929688 0.8817138671875
 225 1 156.286 0.050287600000000002 1.5823274549372615 1.1640625 1.7672629356384277 0.79286837577819824 2.618884801864624 0.577484130859375
 250 1 104.252 0.052616900000000001 1.0948261671504067 0.8203125 1.2323074340820312 0.55873274803161621 1.7992857694625854 0.406951904296875
 275 1 71.912500000000009 0.054966599999999997 0.94912131787556142 0.669921875 1.0010436773300171 0.4605712890625 1.4502862691879272 0.3349609375
 300 1 50.999400000000001 0.057276199999999999 0.97080356576890381 0.66015625 0.97855699062347412 0.453857421875 1.4085973501205444 0.330078125
 325 1 36.971499999999999 0.059031699999999999 1.092079493422681 0.59765625 0.88829481601715088 0.410888671875 1.2766256332397461 0.298828125
 350 1 27.328600000000002 0.0607766 1.1979779292132096 0.60546875 0.89749312400817871 0.416259765625 1.2771643400192261 0.302734375
 375 1 20.542899999999999 0.062503100000000006 1.2638586461768917 0.630859375 0.93010061979293823 0.43525600433349609 1.3277170658111572 0.31789398193359375
 400 1 15.669099999999998 0.064208500000000002 1.3384314934251711 0.66015625 0.96803134679794312 0.45708084106445312 1.3740499019622803 0.335235595703125
 425 1 12.096499999999999 0.065780099999999994 1.3519678148950045 0.681640625 0.99953532218933105 0.47362041473388672 1.4145750999450684 0.34880828857421875
 450 1 9.4401700000000002 0.067454399999999998 1.4550287073972115 0.763671875 1.1137351989746094 0.53248214721679688 1.5716356039047241 0.393768310546875
 475 1 7.4358699999999995 0.068603300000000006 1.5370753073359709 0.83203125 1.2101136445999146 0.58217811584472656 1.7102591991424561 0.4322662353515625
 500 1 5.9075699999999998 0.069990899999999995 1.6352478810540316 0.91015625 1.3237392902374268 0.63906478881835938 1.859566330909729 0.476409912109375
 525 1 4.6910099999999995 0.071370400000000001 1.797467737786685 1.01953125 1.4828152656555176 0.71720016002655029 2.0956697463989258 0.5296783447265625
 550 1 3.8167 0.072283399999999998 1.8965903865295861 1.109375 1.617906928062439 0.78040170669555664 2.2830922603607178 0.57635498046875
 575 1 3.0730000000000004 0.073995699999999998 2.0464000061190233 1.25 1.8279762268066406 0.8746337890625 2.5910074710845947 0.6494140625
 600 1 2.5301499999999999 0.075429099999999999 2.0395759116650103 1.375 2.0162546634674072 0.958740234375 2.8619263172149658 0.708984375
 625 1 2.0613600000000001 0.076346600000000001 1.9354636291766365 1.51953125 2.2342474460601807 1.0558071136474609 3.1944108009338379 0.7775726318359375
 650 1 1.71418 0.0775695 1.9455960103511247 1.640625 2.4319167137145996 1.1359405517578125 3.4806797504425049 0.8331298828125
 675 1 1.40934 0.078337500000000004 1.9326198207144294 1.84375 2.7330112457275391 1.2720794677734375 3.9340708255767822 0.9290771484375
 700 1 1.18113 0.079638799999999996 2.017252593915178 2.03125 3.0271379947662354 1.396484375 4.3681769371032715 1.015625
 725 1 0.97934900000000003 0.080988299999999999 2.231681959569495 2.3125 3.4647154808044434 1.580810546875 5.0393261909484863 1.15625
 750 1 0.82636600000000004 0.081878999999999993 2.2897902349045096 2.484375 3.7420337200164795 1.692162036895752 5.4696125984191895 1.23248291015625
 775 1 0.69020800000000004 0.084204899999999999 2.4914706408763667 2.78125 4.2224535942077637 1.8874950408935547 6.1910305023193359 1.368896484375
 800 1 0.58621100000000004 0.086252700000000002 2.7007281990559857 3.078125 4.6854343414306641 2.0737514495849609 6.9132184982299805 1.490966796875
